0.036504
0.033812
0.034472
0.121288
0.122362
0.120688
0.267009
0.300858
0.277703
0.492357
0.476719
0.479133
0.747691
0.751229
0.744842
1.07644
1.07351
1.07655
1.45664
1.52821
1.50253
1.90617
1.91479
1.90308
2.46001
2.43059
2.41891
2.99737
2.96934
3.03326
0.003281
0.002193
0.002758
0.004972
0.00608
0.00432
0.006598
0.006503
0.006595
0.009146
0.009047
0.008836
0.011262
0.01124
0.011036
0.013477
0.015598
0.0142
0.016847
0.017288
0.016055
0.018099
0.01809
0.018371
0.021156
0.020554
0.020507
0.022856
0.023533
0.023086
0.00308
0.004739
0.004432
0.009276
0.00627
0.006224
0.009626
0.009711
0.009625
0.013199
0.013182
0.013249
0.017011
0.018314
0.018311
0.020712
0.021805
0.022946
0.025934
0.026041
0.024196
0.028051
0.027993
0.02811
0.03386
0.031854
0.031971
0.036636
0.036046
0.036112
0.002865
0.00221
0.001862
0.003933
0.005608
0.003899
0.005993
0.007504
0.009329
0.012063
0.010999
0.008052
0.011354
0.013803
0.012028
0.012438
0.012753
0.014198
0.017321
0.014543
0.014424
0.0165
0.016826
0.018193
0.01869
0.018663
0.019453
0.020957
0.020825
0.020896
0.002261
0.002353
0.001849
0.004719
0.005184
0.004116
0.00541
0.005288
0.005348
0.007312
0.007332
0.009056
0.010895
0.010271
0.012959
0.011109
0.011434
0.011176
0.014895
0.01439
0.013048
0.014955
0.015002
0.014927
0.017712
0.016894
0.017149
0.019071
0.019111
0.018998
