0.059115
0.062089
0.060126
0.247488
0.239868
0.239859
0.534198
0.534093
0.538322
0.954398
0.966132
0.923118
1.20274
1.22141
1.21091
1.78177
2.16049
1.95769
2.37264
2.37943
2.39504
3.3475
3.05714
3.1355
4.23256
3.91611
4.52762
5.8747
5.97373
6.16393
0.00155
0.001545
0.001536
0.0033
0.003278
0.003127
0.004771
0.004789
0.004789
0.006622
0.006565
0.006429
0.008089
0.00815
0.008095
0.010046
0.0098
0.012236
0.011449
0.011549
0.011517
0.012966
0.01299
0.014569
0.014718
0.014662
0.014725
0.016472
0.017039
0.016461
0.00564
0.003673
0.005728
0.00891
0.01186
0.011999
0.014675
0.014805
0.014753
0.017632
0.019715
0.020033
0.021649
0.024488
0.024168
0.028299
0.026368
0.026876
0.032047
0.031883
0.032618
0.036145
0.036103
0.03629
0.045376
0.042863
0.042024
0.048178
0.047
0.046891
0.047699
0.048377
0.044765
0.176806
0.180067
0.181038
0.398153
0.399862
0.396273
0.702095
0.705801
0.704841
1.09439
1.09997
1.09539
1.51254
1.27313
1.26905
1.72489
1.72095
1.78333
2.25163
2.26008
2.2546
2.91215
2.8698
2.8995
3.75043
4.22791
3.51207
0.001208
0.000725
0.001002
0.002128
0.002454
0.001485
0.003065
0.003873
0.00372
0.004293
0.004419
0.005943
0.005667
0.006477
0.004803
0.006368
0.006432
0.006388
0.008428
0.00671
0.009043
0.007612
0.007728
0.007616
0.008585
0.008687
0.008938
0.010688
0.011202
0.009722
