0.032048
0.032244
0.032523
0.120175
0.121197
0.121488
0.267704
0.265256
0.267758
0.474327
0.478109
0.478863
0.741314
0.757505
0.740675
1.03566
0.864478
0.867885
1.16839
1.17721
1.17666
1.55248
1.55565
1.85858
1.945
1.96345
1.93154
2.45173
2.38629
2.40116
0.002964
0.002313
0.002808
0.005642
0.005284
0.0072
0.007034
0.007679
0.009502
0.012068
0.008822
0.008819
0.011166
0.01119
0.011471
0.015608
0.013387
0.013433
0.015769
0.01587
0.015787
0.018191
0.018162
0.018108
0.020531
0.020514
0.021256
0.022834
0.022889
0.023261
0.00462
0.005039
0.004425
0.008258
0.009775
0.009512
0.010827
0.012133
0.01058
0.015276
0.015729
0.016517
0.017368
0.022041
0.016753
0.020439
0.020475
0.022668
0.024354
0.024202
0.02408
0.029073
0.02788
0.029251
0.031575
0.032782
0.031604
0.03559
0.035521
0.036484
0.002032
0.001988
0.002077
0.00469
0.003925
0.004904
0.006489
0.006005
0.00598
0.008089
0.008053
0.008055
0.010203
0.010167
0.010128
0.012385
0.01229
0.012422
0.014443
0.014456
0.015303
0.016512
0.016439
0.016515
0.018743
0.018707
0.018787
0.02084
0.020877
0.020851
0.002493
0.002583
0.003118
0.00436
0.004372
0.004409
0.005276
0.005313
0.005293
0.007196
0.007199
0.008676
0.010058
0.009785
0.009754
0.01205
0.01297
0.012459
0.013016
0.013837
0.014542
0.014994
0.014923
0.014943
0.018211
0.017489
0.016922
0.018884
0.01928
0.018957
