0.000909
0.000678
0.000736
0.002076
0.001899
0.001476
0.002308
0.00372
0.002027
0.002721
0.003364
0.003324
0.003721
0.003349
0.003384
0.004155
0.004032
0.004076
0.004722
0.004804
0.004719
0.005381
0.005427
0.005426
0.006081
0.006146
0.006089
0.006764
0.006786
0.006778
0.002016
0.002082
0.002269
0.004706
0.003044
0.003063
0.004727
0.004672
0.004698
0.006311
0.006287
0.0063
0.007916
0.00795
0.007926
0.009586
0.010468
0.011912
0.012705
0.01134
0.012812
0.013728
0.014202
0.013075
0.014821
0.014596
0.014725
0.016352
0.016404
0.016569
0.00339
0.003308
0.002848
0.007539
0.007525
0.005138
0.00793
0.007911
0.007909
0.010802
0.013095
0.014562
0.015513
0.015981
0.016516
0.019563
0.017651
0.019464
0.020329
0.01984
0.021687
0.02343
0.022625
0.022565
0.025616
0.025633
0.02565
0.029632
0.029217
0.028709
0.048442
0.048294
0.045849
0.178256
0.178008
0.176735
0.396152
0.394907
0.398266
0.701174
0.700181
0.701641
1.09342
1.09253
1.10351
1.57598
1.57693
1.56923
2.1436
2.14619
2.13789
2.78905
2.78427
2.78614
3.46958
2.85955
2.85939
3.5889
3.54922
3.57628
0.001155
0.001083
0.001082
0.002846
0.001905
0.001977
0.00294
0.002754
0.002709
0.003633
0.003644
0.003602
0.004702
0.004611
0.004621
0.005543
0.005539
0.005532
0.006459
0.006582
0.006493
0.007353
0.007351
0.007379
0.008421
0.008259
0.008302
0.009395
0.009327
0.010034
