0.062195
0.06279
0.067697
0.237365
0.239972
0.243122
0.535927
0.539806
0.537082
0.96015
0.962347
0.949974
1.48839
1.50588
1.53373
2.13854
1.88049
2.15824
2.92361
3.02994
2.82142
3.092
3.86394
3.85492
4.938
4.85655
4.88938
6.02717
6.04613
6.04923
0.001787
0.001838
0.002088
0.002815
0.002549
0.002633
0.006276
0.005537
0.006396
0.008038
0.00756
0.007437
0.009063
0.010135
0.010573
0.009656
0.009649
0.0096
0.011972
0.012252
0.011276
0.012948
0.01292
0.012971
0.014613
0.015866
0.01504
0.016358
0.017599
0.016751
0.005373
0.005784
0.005769
0.010736
0.012578
0.011551
0.013934
0.015157
0.016353
0.020177
0.019084
0.020267
0.024354
0.0249
0.022684
0.027898
0.027036
0.028447
0.032609
0.031366
0.031195
0.037018
0.037519
0.03669
0.042196
0.04203
0.041425
0.046317
0.04638
0.047681
0.044605
0.047632
0.044843
0.177503
0.177236
0.177357
0.396992
0.398194
0.398923
0.705711
0.703955
0.703894
1.09371
1.09681
1.0937
1.40327
1.29783
1.5759
1.95114
1.7323
1.74246
2.7927
2.81227
2.79405
3.55931
3.57295
3.57156
4.36803
4.36854
4.36526
0.001641
0.001645
0.000924
0.002962
0.001819
0.002985
0.002814
0.00378
0.003174
0.004399
0.006925
0.006777
0.006806
0.008544
0.004774
0.005732
0.005728
0.005725
0.006716
0.0067
0.006677
0.007666
0.00766
0.007632
0.008684
0.008599
0.008684
0.00988
0.009798
0.009728
