972
1764
4076
18412
36585
36598
49307
76196
99852
103635
112153
132531
132818
133582
147522
150556
152203
153027
155674
168890
169404
173975
209500
223657
225662
233267
236730
239849
241937
248909
259148
266908
273452
297316
304270
304772
322228
322798
331029
331161
351912
352017
354159
358216
373029
373742
377190
386194
391993
400428
408353
432071
437404
449433
458331
477228
507748
511121
519633
522712
540138
548856
555767
559061
575091
585643
600075
621196
624046
652753
667634
674630
688057
698811
717672
727720
731118
731571
743025
759466
770751
775215
781775
782893
796978
806506
828445
829976
835410
859614
869302
878336
879774
887483
896557
923466
941380
941964
966701
984334
1017140
1020460
1020572
1034563
1069431
1073329
1082418
1119861
1121731
1124258
1127959
1128935
1133653
1155141
1165730
1165892
1166223
1167169
1172691
1174653
1181672
1189979
1196540
1238408
1268750
1268788
1284879
1287923
1292845
1293961
1299731
1303734
1307160
1329784
1330706
1338334
1348669
1363964
1380543
1382613
1390106
1397047
1398135
1399265
1402749
1421157
1422019
1438879
1442078
1450365
1479143
1480118
1485089
1487369
1489228
1501812
1533112
1535428
1555447
1561329
1566475
1580916
1600186
1600857
1618087
1619877
1621949
1638654
1640846
1648792
1648860
1651977
1656812
1663168
1673418
1690661
1699989
1709239
1711541
1712152
1720828
1721333
1737701
1745223
1772079
1779446
1800659
1801208
1801483
1813636
1819861
1836766
1841221
1850722
1874506
1879053
1881443
1888057
1906391
1909724
1917112
1920754
1923299
1928120
1937664
1944374
1973984
1983223
1985940
1993418
2003522
2005222
2005879
2036579
2042626
2060885
2062017
2083757
2097404
2098679
2104255
2116980
2119662
2123077
2125365
2127061
2131227
2171571
2187521
2191308
2194425
2194842
2199089
2216092
2221589
2233550
2241447
2288601
2290467
2294032
2295708
2298247
2299499
2300243
2304759
2311441
2321591
2331255
2384852
2393751
2398429
2404498
2405747
2412893
2415429
2417342
2422295
2423953
2443884
2453971
2455942
2467226
2495256
2518393
2538017
2542449
2546822
2550228
2554142
2565102
2567914
2574166
2583591
2598822
2605552
2616105
2618232
2631709
2640314
2640981
2643318
2648705
2650887
2674432
2685594
2697987
2698430
2722800
2727690
2733055
2746050
2749007
2765237
2809947
2812517
2813221
2817210
2827254
2831235
2852385
2859504
2860584
2861341
2866102
2867333
2869457
2885668
2887191
2887476
2888188
2907338
2910865
2917771
2922408
2934061
2943392
2945185
2956022
2969276
2970566
2977173
2981374
3001352
3009470
3019137
3028909
3040513
3044715
3051716
3069065
3077828
3090906
3106269
3133769
3133769
3161020
3163929
3180632
3191707
3210072
3241314
3273433
3301049
3306662
3310743
3316276
3319337
3339418
3343071
3346254
3361900
3377454
3382381
3415656
3418033
3423593
3426345
3426584
3429901
3430982
3436588
3455150
3459637
3462550
3467757
3467776
3485444
3505171
3509746
3513899
3514560
3519218
3527945
3533039
3538351
3550007
3556895
3569090
3570205
3576386
3576548
3586107
3586239
3593663
3594777
3642956
3659233
3712282
3728245
3729497
3732223
3744053
3745045
3767706
3784236
3798539
3803103
3834323
3851690
3862987
3878296
3895616
3899445
3902154
3903689
3917046
3918919
3919258
3931181
3943237
3961838
3976005
3980348
3991782
4002554
4009328
4011571
4014728
4019269
4021985
4023458
4025744
4039097
4041303
4061662
4088399
4105701
4111693
4116087
4127908
4132946
4145107
4165560
4196443
4197243
4200174
4205014
4223357
4233640
4272879
4283156
4294639
4315777
4317226
4350924
4354764
4359462
4368900
4379626
4381316
4391144
4407428
4412545
4432552
4435413
4436413
4463493
4481442
4486404
4499445
4512279
4518899
4519959
4522685
4538804
4551161
4561453
4564404
4618392
4618840
4634679
4640774
4676084
4686423
4699011
4704563
4721613
4723460
4739852
4747961
4748509
4751938
4757416
4770348
4775207
4782540
4785611
4801185
4809392
4814626
4814880
4828738
4847831
4861770
4865481
4871093
4880984
4881559
4885117
4912800
4913952
4922984
4930030
4952162
4958622
4969822
4970021
4982957
4994894
5002464
5009653
5011925
5016867
5056643
5069429
5077598
5081184
5090041
5093041
5109900
5117079
5120458
5136018
5137699
5148548
5180485
5188955
5210624
5222524
5227622
5238152
5244035
5244661
5256712
5258899
5261412
5276222
5276694
5293081
5300159
5304254
5304967
5306127
5326678
5345073
5346014
5347232
5353407
5353760
5357880
5360939
5364392
5382981
5386551
5387166
5429005
5444159
5448883
5449039
5452925
5469201
5471168
5493890
5505613
5533248
5547388
5548760
5557516
5577784
5577964
5581131
5590798
5592438
5619083
5636858
5649724
5653699
5653754
5666718
5667180
5667886
5671646
5690040
5691677
5693264
5693438
5708668
5720335
5723324
5732007
5733892
5737988
5738814
5741062
5741343
5746491
5754628
5758551
5774856
5778739
5779011
5784330
5796122
5798029
5805140
5834043
5837937
5841044
5863448
5867534
5872030
5884428
5886374
5894530
5898275
5904305
5905588
5939591
5954292
5959204
5969364
5983163
5991078
5991364
5997950
6001545
6012216
6013071
6027903
6036340
6037910
6085098
6090767
6092815
6103827
6107139
6124465
6136778
6169768
6176595
6188807
6196038
6220412
6220569
6222721
6235970
6238082
6238325
6242976
6244262
6271569
6277768
6281199
6286620
6327146
6327276
6329667
6335254
6349925
6359559
6360409
6373415
6374354
6381350
6384629
6404887
6416205
6423296
6445092
6461793
6472498
6474859
6493716
6530281
6532250
6533817
6536960
6540897
6550819
6552505
6562997
6570068
6579872
6587236
6589795
6602097
6627676
6630855
6633141
6645960
6663235
6669159
6673314
6680846
6683556
6703727
6710244
6721448
6727707
6728776
6743576
6744997
6746627
6770622
6771596
6785564
6799650
6810927
6821153
6822857
6863363
6873925
6897190
6899043
6922483
6930036
6937411
6939375
6978171
6982654
6985606
7012185
7012421
7023053
7052205
7059783
7065494
7068631
7084010
7084678
7107510
7120973
7138738
7148849
7166059
7168820
7174551
7180387
7191052
7194586
7211856
7223329
7243471
7244048
7260758
7265137
7276866
7277450
7299862
7312684
7320569
7329068
7336500
7405264
7418635
7444593
7455209
7462503
7463569
7472098
7473959
7484543
7487121
7488768
7492310
7492682
7494545
7495176
7520955
7521304
7522688
7522830
7535881
7543987
7544547
7566441
7571127
7574028
7587024
7606968
7617200
7648511
7681034
7696675
7706883
7707084
7712667
7716960
7718691
7738730
7740001
7745217
7748203
7748714
7756606
7761215
7761787
7765115
7788558
7789110
7792295
7797098
7804828
7810484
7814595
7821754
7825966
7833277
7833946
7843429
7844790
7850584
7857651
7858373
7865355
7865824
7883418
7890994
7898814
7910414
7917435
7923540
7923792
7970007
7978565
7985902
7991944
8001760
8005691
8025148
8025950
8032346
8049049
8067700
8082007
8091588
8096110
8098125
8110924
8112927
8123057
8126765
8127857
8171909
8177467
8188707
8195534
8199132
8220381
8221087
8229644
8235398
8260043
8266904
8271186
8296079
8307099
8311926
8314606
8317658
8321331
8321624
8323390
8329081
8332779
8342061
8364773
8365387
8410133
8411672
8418914
8421861
8434873
8451662
8454719
8461367
8471907
8478820
8485962
8489960
8494803
8499396
8500613
8503979
8504082
8512651
8522250
8522730
8555172
8563633
8574870
8575144
8583757
8611208
8622357
8629996
8634045
8639458
8661208
8665520
8669322
8675990
8700083
8701003
8702442
8735287
8744108
8750335
8770645
8774526
8777538
8803467
8804745
8830467
8832498
8835519
8853071
8855900
8870522
8873412
8886204
8891133
8899617
8904685
8920223
8923697
8927391
8929788
8932861
8957276
8957966
8966579
8980773
8988496
8992498
8998615
9006855
9007459
9008084
9008607
9011005
9029509
9051924
9057254
9059449
9059528
9068996
9095907
9096147
9103465
9114320
9115338
9118268
9129336
9137625
9144567
9176516
9195144
9201048
9222076
9226772
9237780
9239246
9244408
9246848
9261913
9262562
9263644
9265618
9272252
9273406
9275001
9280523
9281070
9282803
9282967
9302458
9306912
9317924
9328505
9331477
9332213
9342008
9351201
9369697
9382100
9395375
9409764
9436308
9439720
9461379
9483375
9492198
9497784
9505379
9514124
9524062
9526464
9543671
9557946
9559710
9564820
9567032
9569090
9580872
9626116
9626139
9639721
9657321
9659867
9707634
9718034
9734455
9741113
9760673
9765975
9777508
9779681
9784779
9789362
9791997
9807251
9809134
9810796
9830468
9840745
9843978
9848045
9858363
9859128
9866985
9868360
9870983
9872807
9894576
9897138
9906842
9908416
9919796
9929302
9940606
9940641
9945977
9955101
9955888
9970972
9977446
9984892
10008763
10019203
10019817
10024584
10031653
10033232
10038621
10041409
10041795
10060375
10079523
10098167
10101110
10104732
10154462
10154507
10187188
10219591
10219809
10220895
10227153
10237727
10256326
10256843
10280037
10281909
10293958
10296861
10298278
10298807
10299265
10309773
10309993
10316094
10319127
10322596
10348376
10383083
10383733
10397402
10397878
10410170
10425989
10444471
10448541
10458814
10465094
10465448
10467690
10472006
10483078
10490762
10493073
10499350
10509656
10518232
10535398
10547083
10557556
10565797
10570637
10571661
10585458
10626460
10628791
10636939
10651186
10661493
10663801
10664041
10669115
10678081
10681888
10693672
10707419
10710800
10723387
10724373
10749127
10751558
10754200
10756819
10758839
10820302
10832080
10838433
10847266
10848566
10857452
10884790
10891090
10901612
10906448
10908338
10911762
10931727
10932414
10934039
10935596
10942666
10957514
10957796
10969387
10994961
10997038
11002201
11007789
11019401
11030299
11044597
11057960
11067130
11075545
11084745
11095139
11103098
11118494
11168568
11171408
11199314
11201020
11225310
11227172
11243100
11250612
11258864
11290717
11299841
11308857
11337767
11347070
11363560
11364493
11367151
11375251
11382908
11414027
11418476
11422464
11438051
11441054
11476828
11484305
11485426
11498386
11506038
11521915
11524852
11545941
11549725
11556614
11559595
11576039
11585841
11603690
11637678
11658602
11678534
11681775
11682306
11698446
11704483
11707523
11712538
11712691
11714585
11726205
11736213
11741343
11761157
11764581
11782144
11790235
11799126
11805881
11811762
11823091
11836680
11837181
11842885
11845341
11856703
11868578
11891534
11895691
11898449
11898508
11899110
11901822
11934554
11944391
11946141
11952859
11958635
11969964
11990082
11993308
11997972
12004665
12007250
12012792
12013614
12018581
12021455
12028266
12030419
12033230
12041298
12052854
12057999
12067500
12085156
12097559
12105859
12124017
12139971
12142356
12143062
12151015
12160051
12163903
12169249
12193411
12202611
12215821
12222281
12233847
12249593
12252261
12256078
12260981
12272195
12283216
12285539
12311114
12320345
12342940
12343697
12347100
12352249
12354464
12382503
12388900
12389782
12395893
12402641
12410266
12415654
12428053
12428946
12433980
12435631
12449175
12454920
12457283
12529598
12535535
12551201
12554558
12568667
12584310
12588805
12610258
12615463
12630074
12633693
12639193
12657557
12679037
12683326
12684137
12710800
12734030
12736183
12741818
12746027
12754880
12759663
12762624
12771695
12799512
12800312
12803810
12805475
12831965
12837275
12846712
12846745
12847455
12862995
12864996
12877820
12883452
12903918
12905931
12934949
12944165
12950911
12969228
12984598
12991488
12994274
13000039
13001054
13015524
13034284
13035762
13045769
13047136
13054870
13061054
13064442
13067650
13067971
13072526
13090396
13108511
13124269
13128388
13131140
13149561
13152626
13155793
13197458
13198137
13211164
13214198
13215686
13228803
13232136
13240242
13259543
13262697
13275306
13283208
13291461
13292490
13293954
13296920
13302764
13315783
13318076
13331955
13338197
13345066
13360644
13368781
13374398
13380304
13390298
13391935
13398037
13405302
13417365
13418740
13430076
13431061
13447387
13452382
13468473
13474940
13488257
13490644
13502859
13503588
13505513
13506107
13524800
13533070
13556666
13559292
13572590
13576891
13579908
13619898
13622409
13632171
13634537
13639403
13649512
13650607
13655511
13664103
13664324
13688883
13691977
13713304
13720090
13721997
13727583
13739403
13741457
13748556
13762389
13776747
13786181
13793753
13823568
13827257
13867827
13885416
13888471
13902328
13903442
13903453
13905968
13908866
13923985
13932055
13933723
13934028
13939889
13941075
13941276
13947850
13986322
13990053
13991074
13993095
14012831
14016478
14024386
14030120
14033025
14044899
14048457
14062877
14064705
14064726
14102926
14113630
14113887
14114171
14129187
14137851
14139865
14146583
14159812
14161529
14185224
14196665
14196681
14201697
14214143
14229614
14262546
14281362
14291940
14312294
14321280
14342360
14389764
14391024
14407994
14429025
14439195
14441923
14451656
14452506
14464514
14467024
14471501
14472890
14481458
14482025
14485635
14503453
14517468
14529276
14533107
14540636
14543416
14559566
14580184
14592372
14609121
14613356
14618556
14621988
14622946
14624999
14629518
14630330
14633319
14637808
14701428
14726129
14729053
14757623
14766142
14773197
14773340
14776857
14778602
14792150
14801301
14839054
14839806
14852210
14861255
14866491
14866843
14881131
14882958
14898994
14901828
14930759
14941244
14946653
14947129
14957164
14966483
14974492
15002990
15016849
15018979
15032282
15053115
15060425
15063601
15070555
15078721
15094225
15119347
15135190
15136434
15144989
15152378
15157692
15161539
15165776
15166576
15193873
15193965
15218715
15224141
15227169
15227638
15230604
15232192
15243897
15265712
15275247
15279922
15292386
15293093
15302524
15318212
15321436
15377360
15378736
15396018
15397648
15397898
15398980
15423113
15424311
15446247
15485157
15496013
15502613
15530552
15539262
15553301
15561592
15580482
15582653
15587949
15595690
15613194
15613605
15633663
15641366
15645601
15655190
15662990
15663712
15687668
15700372
15719697
15723484
15724677
15724755
15736483
15754302
15767324
15778689
15780530
15784327
15789977
15791496
15807670
15807773
15819565
15833788
15834233
15834953
15837588
15842638
15872919
15877357
15883935
15895648
15896992
15919561
15954149
15959764
15971412
15974681
15982797
15988581
15990725
15999002
16007629
16017407
16017706
16018089
16021552
16037122
16047126
16052713
16072495
16078030
16079600
16105609
16120596
16129117
16135074
16144490
16144952
16148929
16175854
16185521
16194273
16208346
16208639
16240852
16248548
16252125
16254709
16254889
16261022
16265291
16265844
16267521
16280087
16282300
16283858
16298534
16311646
16312376
16325773
16330024
16351632
16352172
16363205
16372372
16393755
16397744
16406748
16414341
16420500
16433014
16443060
16445907
16466727
16475474
16480679
16481697
16482341
16483301
16504846
16505416
16516746
16517775
16537959
16557190
16565342
16608401
16611323
16616191
16618126
16636835
16637913
16655657
16660285
16662210
16688067
16688634
16700644
16714054
16725210
16727612
16740026
16741673
16758928
16769244
16769620
16774152
16797817
16810812
16815739
16828431
16843635
16850828
16858064
16869961
16870553
16882145
16903131
16945874
16956420
16962276
16966336
16975665
16979359
16982137
16999204
17000713
17002742
17008795
17015540
17030419
17034141
17043244
17046162
17057731
17061701
17064832
17072625
17075991
17079904
17091027
17095617
17104697
17118920
17126153
17140189
17146113
17167832
17178416
17207087
17211422
17224160
17224570
17233732
17247504
17247979
17254260
17256354
17288618
17289452
17293596
17298856
17326160
17327568
17330034
17341627
17359798
17361832
17376884
17379827
17388038
17396013
17396651
17407284
17414482
17419930
17428843
17429822
17450468
17470163
17487414
17487997
17502549
17510913
17512589
17514134
17532248
17541268
17551547
17553787
17554397
17587574
17590148
17612928
17614947
17624447
17633303
17648407
17657041
17663712
17684510
17689175
17710565
17721496
17724803
17731612
17731800
17743857
17792859
17794514
17794983
17822141
17841448
17901074
17902029
17921718
17948361
17969106
17980694
17985503
17987052
17987642
18008573
18010515
18010523
18012867
18026489
18050350
18056567
18060839
18061935
18078058
18086317
18099262
18100844
18113302
18139805
18144468
18144516
18144947
18161639
18177806
18178216
18180475
18198047
18238943
18253368
18254558
18256296
18267700
18287985
18291680
18324678
18336908
18358703
18384573
18386228
18387252
18409955
18412669
18431221
18464640
18472827
18481136
18482047
18490444
18495225
18502802
18514669
18536667
18552022
18552125
18566475
18574805
18581651
18586542
18589766
18609313
18616191
18654088
18670285
18674084
18681411
18682221
18691710
18709870
18711985
18751602
18754458
18756477
18758403
18758765
18775280
18775589
18780953
18793482
18816725
18819390
18830523
18853080
18853825
18854708
18866708
18868098
18876678
18881573
18883455
18903332
18927056
18933441
18956671
18958585
18961706
18969425
18993076
18999435
19000128
19009913
19027556
19032189
19032977
19040245
19055739
19061019
19072099
19076156
19083789
19092847
19094758
19111031
19142712
19150760
19180051
19183931
19209469
19218228
19229307
19231929
19233105
19270425
19283379
19284298
19290557
19308358
19321775
19331162
19334045
19336860
19337385
19350313
19355655
19356788
19366304
19390207
19391993
19399709
19400708
19414371
19431284
19438159
19439981
19473632
19479385
19479768
19483459
19487101
19496706
19508296
19518365
19520924
19526834
19531639
19546404
19549539
19563927
19564465
19567090
19607014
19607109
19620275
19621092
19634037
19672628
19675256
19682655
19692633
19707590
19708702
19729832
19730617
19734716
19757670
19773233
19785097
19788337
19801765
19808919
19813249
19842495
19843263
19857956
19865369
19872801
19874978
19879222
19885676
19893781
19893937
19900040
19902499
19903209
19948521
19956712
19963860
19979502
19993534
19994253
20017356
20028297
20034313
20047607
20058445
20061246
20089780
20094203
20099484
20109594
20114556
20128156
20129948
20134678
20144557
20178216
20186594
20190335
20202211
20204469
20211423
20225708
20239190
20277383
20291364
20312588
20327465
20340366
20350132
20350573
20376233
20377265
20377923
20380915
20390482
20411180
20415129
20424443
20426337
20459669
20461718
20470084
20482461
20497681
20507756
20515550
20521170
20523395
20553457
20554021
20566782
20568782
20583422
20585448
20619415
20626119
20665851
20671818
20674897
20677893
20678230
20679825
20707911
20709309
20709743
20723967
20738044
20742219
20743555
20758562
20764392
20770763
20803305
20834441
20836980
20852367
20857284
20873747
20886051
20900009
20905010
20906544
20918270
20921352
20922475
20924610
20939613
20939794
20942597
20950946
20962656
20973143
20981703
20984987
20987273
20988963
20999764
21005083
21020929
21027705
21030393
21046031
21051096
21059534
21064905
21065323
21068591
21080516
21084484
21087477
21100460
21106463
21125586
21132862
21139186
21150449
21171061
21186854
21212901
21225122
21228062
21228517
21229455
21231797
21235424
21235993
21240728
21244805
21247291
21254208
21258474
21261765
21277799
21290820
21298402
21301355
21312508
21317281
21317839
21329596
21338878
21358811
21362253
21370753
21388562
21395717
21398654
21401889
21404161
21421539
21444417
21464993
21474824
21480325
21484062
21484295
21516416
21526705
21537276
21557750
21558741
21560736
21603773
21609844
21611987
21620169
21639672
21642690
21646673
21657050
21699506
21699891
21719261
21726206
21731402
21737320
21747158
21750546
21761894
21765928
21770181
21772329
21794487
21806017
21807936
21808794
21812137
21813976
21820853
21860720
21886702
21896542
21896567
21897957
21910426
21911616
21916363
21916866
21920488
21926022
21934169
21934723
21934908
21973809
21982987
21983899
21984030
21992527
21994163
21995876
22011316
22021901
22026718
22037121
22064065
22065030
22067165
22082901
22096607
22113412
22133325
22143524
22146433
22148605
22152267
22158950
22167687
22176142
22179937
22181701
22187135
22193680
22212036
22214916
22222970
22225264
22233441
22234754
22250489
22270271
22276046
22277837
22289760
22296596
22313200
22326662
22335446
22346522
22346913
22355258
22359397
22365927
22366254
22380930
22390773
22405570
22445419
22453041
22501439
22514062
22523636
22526160
22540722
22546139
22558749
22577602
22612876
22637419
22639742
22655016
22658173
22658337
22666179
22688899
22690298
22692170
22695467
22727300
22728250
22730082
22747174
22763750
22767696
22799146
22807114
22822682
22844864
22855779
22864920
22880546
22883604
22889956
22904641
22920483
22926105
22940492
22966872
22967870
22968044
22972439
22977062
22990072
22996100
22997194
23005366
23009813
23035891
23039109
23062690
23065624
23082430
23092246
23096138
23112399
23112521
23115453
23130283
23145651
23154953
23181211
23182072
23187807
23201825
23221269
23229979
23237059
23262065
23263288
23281935
23308975
23309516
23323990
23354809
23357661
23366484
23370978
23388898
23399266
23405547
23408035
23410391
23428083
23435371
23436247
23451936
23475852
23490247
23491272
23498004
23499470
23514902
23539970
23546946
23550236
23572769
23575779
23578073
23597623
23636847
23662140
23663290
23681629
23694953
23714585
23715105
23718479
23723126
23732271
23733288
23737631
23740647
23747633
23752058
23759777
23768736
23773479
23781396
23806969
23810757
23818568
23837899
23841630
23851597
23870248
23875004
23889642
23890762
23904754
23911573
23920870
23930291
23949876
23960164
23962440
23977634
23983634
23994335
24006535
24007177
24011879
24019997
24047354
24110064
24131939
24139850
24151578
24161490
24175778
24200521
24234329
24245517
24250132
24254743
24259752
24260029
24270518
24282648
24284744
24289816
24300541
24317276
24320239
24324447
24327064
24327687
24344784
24347445
24354509
24389865
24393930
24395640
24398397
24427436
24447237
24465375
24473463
24476403
24488957
24500472
24503956
24506843
24508874
24525712
24546907
24548972
24552746
24560866
24566087
24585059
24593894
24595201
24630380
24654914
24668694
24668924
24708466
24715112
24720771
24720861
24725204
24729169
24739745
24748830
24779270
24789908
24794730
24806537
24819990
24823289
24824476
24832912
24841338
24852252
24857456
24859103
24861583
24872615
24887506
24897624
24916213
24919452
24933984
24942175
24956920
24960080
24961691
24968232
24973983
24976596
24981853
25001859
25001899
25028681
25034924
25035933
25081800
25085085
25100440
25104799
25112304
25116181
25121280
25127364
25128432
25129243
25135382
25137428
25141538
25143111
25145886
25154128
25157035
25157307
25157490
25160097
25161482
25165581
25167045
25177408
25192796
25194547
25195358
25200139
25207099
25219150
25232142
25232952
25234763
25235664
25239248
25245693
25251007
25253801
25263825
25266921
25286619
25307070
25307131
25317606
25322250
25323913
25330927
25339380
25348821
25351561
25352123
25365227
25366010
25367429
25373704
25383706
25415576
25418522
25427160
25428785
25432089
25438068
25443659
25446323
25446969
25489708
25493492
25496495
25508433
25518014
25543820
25555640
25563910
25578517
25590207
25590367
25593088
25622365
25637353
25652874
25659235
25662409
25668841
25669617
25673733
25674169
25717858
25722588
25723320
25724843
25732186
25775628
25784386
25785670
25786586
25794995
25803133
25807547
25813143
25815314
25822039
25864984
25886525
25886750
25909993
25915607
25920677
25921132
25923527
25928543
25943994
25951877
25972387
25976875
25976987
26000481
26002429
26012179
26021221
26027108
26027273
26045133
26049089
26056839
26072602
26109035
26110133
26111858
26132643
26166181
26186616
26191672
26202676
26204072
26214460
26217008
26220732
26227281
26264133
26264883
26266949
26268359
26272345
26278357
26291703
26295876
26304472
26325728
26358235
26364195
26379826
26389264
26420233
26424854
26433622
26441893
26447402
26448145
26452099
26464913
26465318
26470039
26475039
26492693
26498925
26501484
26514901
26532738
26537250
26540158
26552427
26583539
26585772
26587052
26594658
26603351
26613023
26633965
26642760
26643364
26644575
26665003
26687527
26704369
26706328
26720347
26739097
26752958
26758161
26764897
26771129
26791071
26807684
26809985
26831834
26842409
26843838
26846330
26857538
26863975
26870165
26876000
26885472
26885722
26886404
26892093
26899774
26903853
26904377
26909972
26922737
26928579
26931579
26940882
26945663
26946038
26947938
26954418
26955249
26964381
26992446
27000430
27004990
27017950
27029212
27035233
27035349
27035903
27039050
27045928
27049023
27059759
27059979
27069155
27079225
27092873
27100770
27104370
27115430
27116211
27133375
27137212
27137431
27137442
27141907
27150670
27171086
27171335
27181524
27184965
27186508
27188952
27196186
27198739
27207361
27217628
27220734
27225679
27228864
27230471
27241186
27256268
27266834
27285900
27292633
27306743
27326305
27357666
27380299
27388976
27396910
27404828
27409067
27423120
27426515
27431262
27433179
27439529
27443437
27446835
27449065
27456156
27465226
27481484
27486720
27489682
27520440
27527004
27529099
27533718
27582888
27584249
27585512
27600806
27611350
27612578
27614354
27616876
27618106
27620076
27648237
27649649
27658556
27674063
27689337
27694960
27697822
27708177
27726009
27727524
27736445
27768872
27773463
27794180
27801748
27807640
27809350
27809366
27815506
27825505
27829424
27849132
27849218
27879104
27893356
27905781
27919149
27971387
27973539
27994863
27995202
28004590
28016618
28019041
28019775
28026522
28034093
28037720
28053288
28060095
28084451
28092840
28102641
28128894
28128972
28131542
28131733
28138168
28141396
28149302
28151679
28162567
28189600
28192201
28195519
28211309
28242482
28259046
28296768
28304268
28310615
28323072
28333567
28348640
28350713
28359981
28363023
28363690
28365689
28373631
28377429
28386968
28391338
28392860
28400170
28420796
28427850
28432691
28454668
28460290
28482335
28504977
28509093
28514422
28520643
28543451
28556802
28561838
28592941
28593493
28599621
28605820
28606810
28606844
28614460
28621370
28625436
28634791
28636262
28686767
28697450
28705176
28719370
28721003
28732444
28733089
28749198
28756252
28772890
28778095
28781102
28794271
28800163
28808703
28813263
28825302
28830431
28846644
28848884
28853539
28858320
28880280
28895494
28905445
28923876
28928228
28930242
28935588
28940027
28946713
28954087
28966152
28989112
28991188
29001444
29009044
29019357
29058213
29063001
29084557
29128912
29135417
29138223
29141308
29161385
29162003
29185661
29192775
29194453
29194507
29201547
29216859
29220799
29223800
29266724
29272932
29286741
29290354
29293251
29301743
29306712
29308226
29324490
29330404
29332947
29333023
29339405
29345024
29352561
29357554
29358947
29361990
29362622
29367203
29372004
29372381
29376835
29393833
29399969
29401682
29408336
29409474
29415016
29423214
29455482
29470941
29501517
29506123
29507720
29511201
29517682
29531385
29538090
29543113
29548598
29559946
29571909
29576090
29600093
29615567
29629999
29638830
29639324
29660848
29671061
29677863
29680713
29685630
29689695
29690153
29691666
29692300
29695501
29698005
29718183
29777126
29782814
29791303
29805221
29862216
29884146
29891106
29922898
29940604
29954295
29969587
29974578
29982891
29986384
30003672
30005299
30010298
30018163
30025854
30038482
30044885
30044995
30050044
30059125
30061386
30094984
30100187
30109881
30110392
30111320
30126168
30129447
30146357
30154064
30154489
30158357
30160252
30165135
30165957
30169142
30170791
30172220
30172811
30179525
30180368
30190784
30208373
30226155
30228600
30230757
30243771
30243823
30263512
30266976
30273093
30293366
30311649
30323619
30331197
30332273
30337030
30344166
30351867
30361393
30366177
30382911
30384219
30386188
30392085
30417033
30422422
30424457
30444114
30444990
30449727
30460575
30465992
30466688
30467721
30471536
30473107
30477179
30483662
30492110
30503521
30523610
30541193
30548753
30552743
30594425
30604946
30610015
30617008
30617633
30637779
30641383
30673327
30685637
30713024
30714132
30723131
30729895
30735678
30749808
30751498
30756819
30783575
30792597
30793792
30799442
30801020
30819102
30848096
30859545
30862153
30864122
30864190
30888897
30894891
30932938
30934066
30934272
30937060
30967175
30981754
30988619
31002589
31006432
31006686
31010301
31014187
31029826
31045045
31050120
31063699
31065030
31066283
31073759
31078663
31082825
31085540
31094292
31104257
31108959
31134676
31152335
31156482
31157702
31165014
31172372
31180097
31190468
31220735
31221189
31228386
31230160
31231253
31233013
31257571
31267755
31278712
31286026
31289429
31314342
31316402
31318016
31319438
31342148
31350716
31357420
31361536
31373687
31384828
31391023
31395060
31419959
31420925
31422765
31438250
31439378
31439788
31461227
31470248
31475805
31483270
31486409
31494582
31503709
31505000
31511186
31528595
31530057
31541018
31562904
31575529
31581489
31582308
31593134
31593723
31599400
31604102
31611217
31617640
31623214
31624612
31628022
31628040
31651563
31667977
31685986
31686942
31693562
31695475
31699076
31708299
31716548
31731522
31734716
31785388
31814230
31817150
31837914
31846386
31849721
31852443
31860282
31878437
31881187
31884388
31888880
31889297
31889318
31891424
31894385
31920854
31939506
31971865
31990399
31997228
32001827
32008544
32022447
32025932
32040548
32080352
32085073
32093075
32093331
32123430
32128227
32140878
32143912
32149199
32155458
32165279
32204014
32224990
32230690
32242421
32243941
32247837
32265015
32267391
32272066
32287171
32298536
32318359
32321568
32345635
32351575
32351914
32353042
32379968
32397640
32403526
32413516
32418862
32422462
32434772
32459794
32460231
32476947
32477413
32479768
32487303
32493516
32528575
32532808
32540710
32557885
32573936
32622787
32624339
32624922
32638679
32639880
32658061
32672623
32672752
32687137
32688460
32690283
32691632
32694513
32694830
32696462
32703887
32705824
32706460
32722634
32731221
32735680
32741546
32749454
32768285
32773918
32794812
32795335
32800704
32848156
32867223
32882792
32894298
32944308
32949843
32962688
32989792
33001424
33016703
33021295
33041512
33058301
33060385
33069422
33076044
33079700
33101268
33148182
33154579
33157264
33161744
33185352
33194280
33201861
33202181
33205968
33210777
33213529
33236517
33236671
33244485
33245422
33248196
33252693
33258095
33286241
33291404
33297915
33322685
33329897
33334892
33337603
33361151
33370478
33392678
33401863
33420757
33420970
33427581
33432796
33434615
33453667
33470166
33474178
33475699
33479148
33508318
33521820
33522151
33536328
33545867
33553727
33571108
33600417
33616834
33620514
33627578
33673693
33719928
33728142
33731386
33780344
33807672
33810320
33818884
33827897
33850545
33850619
33869152
33875097
33877402
33883121
33896398
33897410
33898549
33906127
33923159
33937356
33953746
33961249
33972223
33983445
34000511
34002735
34004195
34019235
34021667
34038038
34048892
34062941
34062953
34064731
34071908
34072036
34074272
34089894
34098132
34113694
34127715
34130382
34140920
34152835
34171311
34193725
34194646
34195043
34206139
34207071
34228995
34234790
34242267
34247976
34263565
34265768
34267886
34269069
34278595
34291566
34307519
34308340
34309179
34328204
34337658
34353902
34356864
34366172
34392011
34397193
34400254
34407913
34418061
34419658
34421185
34422874
34424239
34437586
34450532
34453419
34459657
34465317
34480311
34481434
34483517
34492118
34494572
34506077
34532499
34537064
34578764
34594340
34597603
34598283
34603063
34614192
34617072
34629533
34639345
34657251
34659275
34667162
34676240
34685508
34700593
34703491
34707809
34721551
34736788
34756050
34763606
34777218
34797524
34831614
34832934
34842613
34851965
34858970
34865564
34872176
34872952
34878701
34885283
34889447
34889886
34938709
34943454
34946527
34961972
34964056
34977776
34987440
35000037
35010987
35024172
35040618
35056552
35065597
35095919
35103433
35104579
35107345
35112662
35123385
35125056
35133012
35142549
35143432
35151175
35151994
35174411
35186548
35191780
35193171
35201100
35203667
35227162
35233258
35235525
35235918
35236699
35238556
35239483
35240916
35240970
35243416
35244430
35251195
35254719
35265565
35267282
35267973
35283721
35284677
35298641
35313776
35315750
35326369
35346138
35348280
35363334
35364996
35366967
35371157
35377642
35390978
35408848
35422076
35424803
35444810
35449636
35453050
35459147
35461895
35462055
35484595
35491996
35506500
35509364
35517881
35520738
35522834
35525134
35525958
35539381
35564323
35566598
35587100
35589851
35602218
35608994
35616485
35620590
35632398
35634746
35644960
35645496
35646719
35647421
35666229
35680674
35688535
35691054
35695814
35701545
35714163
35743456
35743861
35760968
35785217
35799010
35805566
35807134
35829216
35842144
35855380
35860684
35866370
35866513
35888300
35893368
35899801
35905338
35908674
35923513
35932150
35935011
35946486
35957898
35961143
35967754
35973526
35980680
35984134
35987973
36027308
36027943
36037553
36043008
36074528
36081703
36083409
36084124
36122491
36127307
36133141
36143623
36144537
36144915
36148903
36159558
36165066
36168087
36176064
36190363
36192743
36216436
36229203
36231779
36235157
36251044
36267575
36282737
36293328
36296990
36304117
36306752
36310467
36316208
36332251
36337679
36354456
36362007
36362156
36376674
36391039
36405064
36416938
36417788
36429356
36448641
36450327
36464575
36473773
36479306
36480041
36505917
36534966
36539441
36540467
36544329
36570016
36575874
36590764
36619834
36626764
36628203
36631848
36653765
36661854
36679054
36682688
36685312
36687305
36708428
36711272
36735869
36761040
36771263
36788327
36791715
36806255
36809439
36843281
36847264
36848092
36854641
36868136
36882045
36887361
36915334
36935814
36946398
36951048
36951144
36953750
36965778
36967541
36976315
36980160
36980721
36992121
37004704
37020942
37021179
37025179
37029770
37030788
37033804
37041672
37054331
37059625
37068057
37069913
37071564
37086001
37132888
37168505
37173416
37173478
37182380
37185184
37193860
37195532
37201277
37210276
37214754
37222072
37230676
37234270
37235964
37246538
37255042
37272794
37279300
37284789
37287329
37287881
37297739
37304015
37304364
37336244
37346469
37351282
37351290
37352544
37366481
37369097
37375568
37380791
37402637
37413026
37414416
37433316
37483538
37486156
37497019
37512238
37513164
37518189
37531355
37534582
37536682
37539908
37547810
37549573
37557595
37559293
37563652
37566502
37566508
37579453
37588030
37588109
37590386
37595101
37595602
37602803
37606401
37607508
37610001
37610931
37616355
37619123
37622415
37624182
37625304
37653887
37655840
37665923
37671093
37675381
37689604
37709573
37744124
37748139
37748843
37755400
37757252
37758570
37788920
37792545
37795466
37796508
37800013
37812447
37812862
37821728
37822638
37825877
37831128
37854856
37857755
37858343
37868252
37875408
37892054
37896388
37897659
37899057
37899692
37908335
37917519
37920552
37925199
37925241
37936710
37954312
37963939
37979337
37981794
37986122
37999090
38006689
38012148
38014042
38016566
38020646
38034114
38042128
38051114
38058512
38065999
38069182
38090111
38098948
38110125
38114375
38124255
38135091
38148493
38151523
38152800
38152819
38163570
38181789
38192469
38225918
38227335
38229010
38240819
38255410
38267054
38284932
38291885
38296958
38297666
38324128
38340506
38355451
38359533
38366876
38368407
38383703
38389519
38391122
38404085
38431519
38439686
38444355
38450045
38450101
38450762
38454191
38468553
38470874
38474196
38486348
38512683
38525673
38531241
38541073
38541700
38547183
38553871
38556249
38559319
38561894
38573663
38580753
38584922
38589654
38593699
38623751
38628970
38638120
38646159
38689001
38689892
38693481
38720002
38735060
38746314
38750125
38756236
38792030
38793721
38800397
38812074
38823335
38835520
38852936
38884133
38920374
38930055
38938672
38938944
38939032
38943613
38972877
38991242
38993243
38994517
39008083
39031151
39037507
39080929
39082726
39085938
39165414
39168255
39171300
39173557
39180599
39181518
39185310
39188814
39196672
39201111
39208673
39215115
39222689
39225730
39235830
39241114
39242179
39271136
39271605
39275434
39275626
39275957
39294614
39304748
39316537
39318304
39346530
39374019
39377025
39408893
39412074
39420449
39426176
39426371
39432828
39438165
39438409
39443375
39444818
39467089
39500410
39502041
39505107
39527464
39548434
39554494
39555441
39555795
39574919
39579096
39580270
39598824
39601692
39622780
39632186
39642140
39653695
39655140
39662960
39665581
39696702
39717787
39724456
39743823
39765672
39767024
39771677
39775503
39780505
39783139
39785561
39798342
39809937
39845677
39856740
39860738
39881553
39883098
39891336
39892334
39904958
39907989
39932355
39937309
39944406
39983259
39987311
39990577
39991264
40008514
40018887
40019738
40054971
40083861
40090870
40093380
40095086
40100962
40113057
40123011
40124645
40127300
40127757
40133455
40148941
40151557
40167610
40178165
40211294
40214440
40219414
40240147
40248396
40250781
40261648
40265709
40272674
40288423
40297628
40297873
40299162
40309797
40312810
40315502
40322206
40339627
40351502
40358533
40362405
40362917
40368217
40388431
40392390
40395664
40399360
40400489
40402890
40403332
40417344
40417777
40426078
40432967
40435443
40443589
40455686
40460246
40479723
40480224
40484896
40486730
40503610
40508097
40552692
40553415
40556091
40562831
40568499
40615740
40628280
40634558
40635187
40653338
40659346
40662985
40675727
40687096
40691157
40710586
40712128
40721145
40722382
40729544
40736759
40749253
40770087
40775031
40775270
40800862
40807049
40811858
40815907
40821384
40823325
40852570
40861256
40884718
40891214
40904625
40919289
40931435
40945280
40945878
40952481
40958539
40986212
40993124
41003312
41012057
41023800
41026979
41028199
41035686
41060929
41065659
41073369
41099942
41118926
41119247
41120307
41141651
41153050
41154486
41183051
41185808
41185885
41210566
41232002
41238883
41249652
41251997
41256515
41260743
41264359
41283682
41287890
41299965
41311779
41322072
41342465
41348738
41358331
41360535
41368645
41374316
41383317
41402709
41421691
41422399
41449425
41460262
41467812
41482684
41492562
41501807
41510833
41555715
41558456
41564114
41572295
41580422
41598113
41619401
41624298
41650617
41655200
41656319
41659114
41660707
41668530
41672944
41696495
41705590
41711991
41714662
41731879
41734141
41737170
41743753
41752313
41775015
41779525
41784380
41807215
41809006
41832382
41846247
41859974
41900119
41900412
41911223
41915324
41928972
41937124
41943539
41970055
41972216
41974240
41976243
41976804
41978142
41986166
42002023
42013978
42015568
42030055
42030722
42032946
42073451
42081822
42089313
42092434
42108726
42119566
42123540
42131926
42153336
42164738
42176224
42204202
42204586
42216669
42223951
42241564
42243572
42258818
42277054
42284975
42301832
42347638
42349056
42357200
42357821
42362821
42362902
42374198
42382432
42395813
42408016
42408843
42410934
42411337
42422379
42423172
42423389
42464848
42465356
42465815
42467582
42473903
42478328
42480058
42488582
42515242
42526516
42562875
42563763
42573981
42574725
42624266
42627794
42632950
42636556
42642826
42645557
42646347
42674791
42675877
42693885
42702053
42703534
42716631
42728814
42738368
42745893
42762305
42809748
42826390
42831193
42832874
42848254
42859656
42860751
42873201
42879614
42882484
42882675
42894255
42916112
42917657
42931374
42931870
42952501
42967218
42979031
42980668
43003306
43007513
43027678
43030565
43042068
43044114
43044420
43050954
43053811
43088899
43126203
43128760
43135470
43172220
43181862
43188171
43198549
43202191
43205944
43212485
43214540
43221205
43223996
43226042
43226718
43235834
43237550
43255630
43256488
43261382
43268016
43275179
43277439
43305361
43305848
43312137
43319542
43334971
43337402
43345278
43345800
43356344
43357222
43367447
43368911
43369195
43373589
43377230
43381040
43390699
43410271
43413875
43426385
43440270
43459026
43462465
43466952
43476850
43489754
43516702
43526493
43527946
43538198
43540533
43551045
43551467
43563190
43566013
43584127
43593508
43595487
43612696
43622402
43630938
43632208
43647760
43656773
43663506
43665592
43673315
43679147
43682287
43688581
43695047
43711669
43722724
43732383
43749523
43755199
43756631
43777294
43790272
43819382
43831422
43835733
43837164
43848828
43889212
43891733
43910451
43912349
43917698
43938486
43939725
43965171
43992581
43993099
44002503
44025075
44032776
44050125
44055335
44055533
44064424
44082533
44100486
44153686
44154360
44167653
44194192
44201820
44203114
44215758
44219851
44236911
44239580
44241788
44245120
44245478
44252427
44258048
44270981
44272421
44276570
44276695
44322329
44325219
44327461
44333566
44345144
44351404
44354318
44370123
44372685
44377280
44378306
44386318
44386801
44387056
44404429
44406885
44410971
44414046
44422918
44426852
44428254
44452369
44459653
44464869
44467432
44475310
44480385
44484713
44488360
44506877
44525978
44536726
44543608
44571004
44584722
44590698
44612556
44612568
44615422
44616130
44620408
44626636
44630817
44631218
44645689
44652847
44660483
44663780
44668901
44685355
44693098
44694319
44708510
44718011
44727582
44728033
44730104
44739552
44740867
44745132
44747996
44752465
44771854
44777863
44785423
44801155
44801820
44809620
44827883
44831375
44835070
44840208
44840979
44842984
44888594
44938151
44961300
44996542
44998182
45020780
45024042
45025891
45026238
45031527
45055389
45070544
45083135
45088638
45100666
45110821
45111783
45111888
45112865
45113662
45120796
45135479
45139224
45142328
45157621
45157675
45160672
45162712
45163810
45169019
45171989
45178419
45184559
45206120
45234500
45259632
45265629
45307691
45332091
45333233
45334532
45350950
45369973
45370615
45398563
45401507
45425684
45426195
45427233
45460210
45461865
45476791
45510291
45511432
45513048
45521372
45533954
45547167
45572826
45603451
45625184
45658354
45661581
45666445
45707915
45709707
45710004
45710195
45711728
45712839
45761356
45763989
45774063
45777630
45780068
45803875
45808880
45818312
45818671
45822708
45857389
45862809
45862977
45879698
45881896
45883354
45892600
45905113
45907941
45919415
45920989
45936371
45941458
45944576
45962315
45973179
45977770
45981403
46005321
46005833
46021321
46032634
46037149
46053019
46055131
46077367
46088790
46095862
46103653
46121416
46148250
46176841
46198255
46213679
46219279
46240518
46275852
46284167
46295871
46298931
46305994
46310987
46341269
46342923
46355450
46367833
46369074
46378319
46379673
46381276
46394623
46424239
46424916
46446456
46448051
46460193
46466629
46474667
46485938
46495744
46500002
46508982
46509870
46546948
46552037
46552213
46567602
46582448
46601201
46645916
46662911
46672552
46673582
46678202
46679696
46716469
46718802
46748676
46748864
46764287
46778171
46784407
46803138
46804320
46809958
46812356
46817030
46830220
46831287
46832297
46835807
46837617
46837993
46840869
46846033
46852933
46855531
46859092
46863126
46888471
46905188
46921774
46931942
46932637
46936152
46938325
46971762
46995804
47000487
47008221
47017157
47022409
47033701
47038829
47062984
47067570
47069900
47073361
47091157
47095149
47100441
47105535
47106809
47110771
47132295
47133637
47156676
47168026
47168060
47199172
47231027
47231209
47250720
47252036
47267330
47269558
47305860
47308117
47319532
47323710
47331419
47331421
47357289
47368604
47370377
47382292
47384571
47392399
47402255
47414728
47420334
47422098
47439933
47461443
47464964
47491738
47499529
47512467
47514565
47515747
47533267
47534216
47541828
47544043
47553433
47563444
47570635
47577801
47583211
47585747
47589232
47590847
47591301
47592170
47595329
47595713
47608072
47609196
47614138
47629776
47630173
47674136
47696370
47725497
47735323
47741212
47751883
47751930
47753204
47756885
47771144
47775321
47782505
47784831
47786305
47790563
47816284
47818718
47822965
47835895
47839143
47840919
47847000
47854045
47863073
47876990
47889206
47895408
47923830
47925048
47945405
47970349
47973328
47976678
47988152
47994669
48002746
48006607
48014764
48018923
48023154
48035721
48035765
48038773
48045634
48047706
48054579
48062281
48101906
48107576
48116254
48117343
48155801
48162982
48163625
48165899
48169895
48176315
48179569
48184303
48202220
48204051
48207286
48207549
48213306
48213485
48222745
48232833
48245618
48251660
48252989
48290122
48299070
48327954
48328909
48337878
48354959
48362256
48378753
48383626
48408080
48439030
48441411
48444639
48446401
48453355
48458564
48485472
48493833
48500134
48503909
48517984
48526157
48529342
48533585
48552510
48562672
48573402
48582446
48593691
48594936
48608857
48616837
48621818
48626219
48644231
48658161
48666623
48672918
48703084
48713154
48716288
48722190
48728069
48732286
48770036
48773360
48778077
48788531
48791520
48811490
48815217
48822081
48831588
48840237
48874634
48885215
48890066
48891623
48895019
48903807
48906898
48912264
48925275
48965687
48969020
48973562
48991624
49024915
49026715
49035317
49068186
49077613
49102678
49108288
49119290
49127339
49149214
49154837
49186954
49201623
49203591
49212819
49254405
49256195
49257806
49258596
49264472
49266111
49302643
49309488
49324438
49332135
49340653
49349929
49354829
49370909
49373070
49374960
49392351
49393586
49396983
49411120
49413741
49424991
49441131
49443405
49459261
49462767
49470509
49474562
49474813
49487545
49498822
49511373
49515327
49520952
49524659
49529154
49533670
49544211
49547178
49606803
49610038
49623446
49625616
49657665
49664803
49666139
49674866
49675195
49705318
49707022
49717058
49721031
49721924
49727190
49727672
49732950
49734670
49763741
49790251
49823293
49835417
49843756
49853128
49869677
49885840
49895157
49898531
49917812
49923932
49928316
49947427
49947655
49952113
49965016
49979509
49988097
49993759
50000770
50002332
50006513
50009906
50013379
50021584
50039088
50041182
50043416
50056511
50058660
50066096
50085715
50112965
50113669
50115485
50135205
50154745
50157906
50167546
50189448
50199526
50200897
50201179
50209957
50218635
50262042
50264442
50275355
50276484
50279676
50282269
50288864
50289656
50293331
50302706
50310878
50318946
50390327
50390913
50392129
50396508
50400215
50434086
50452622
50471198
50512525
50516272
50530242
50531120
50534507
50538059
50561592
50570845
50577768
50589826
50593680
50608371
50630436
50649806
50651200
50670409
50699976
50722644
50727112
50729306
50729376
50744703
50761916
50773655
50815429
50815773
50844410
50849446
50858722
50877623
50884263
50895339
50902397
50908559
50911349
50916204
50926333
50927480
50934638
50951846
50954727
50972418
50985357
50988386
50991867
50999824
51014782
51028824
51041986
51048717
51067245
51074839
51079231
51107176
51112268
51114171
51119188
51145041
51148074
51171716
51178321
51180307
51180836
51182201
51197558
51205884
51215495
51236391
51253510
51261032
51265491
51269092
51276263
51296756
51297334
51297590
51298628
51304638
51309896
51333696
51357383
51368220
51370601
51391368
51401821
51405726
51408199
51412683
51451745
51451763
51465874
51489091
51498306
51500531
51502036
51508300
51511199
51512868
51532919
51542462
51548040
51548437
51552418
51558811
51583469
51583781
51584498
51585011
51591115
51592872
51602045
51616071
51643915
51655216
51661660
51669231
51681611
51685865
51691070
51703533
51710285
51712909
51724746
51763836
51765321
51775646
51790202
51792633
51802702
51812046
51818505
51831707
51844814
51871786
51890775
51902010
51906049
51910682
51912944
51939849
51953852
51954250
51955829
51964129
51966108
51984912
52009318
52040399
52049080
52049413
52065810
52066302
52075088
52093744
52105064
52124037
52124510
52129193
52130121
52142836
52144545
52148815
52153382
52160855
52182991
52207230
52218962
52234775
52241416
52246412
52248341
52250072
52251891
52265824
52267510
52280997
52291910
52300904
52307234
52321756
52330528
52337670
52358762
52384993
52389206
52391126
52396984
52399490
52428859
52432709
52483296
52486011
52496703
52509581
52511286
52522489
52545968
52560837
52561807
52568146
52573075
52623814
52651240
52676261
52683788
52695074
52704181
52708841
52723544
52739795
52764110
52764170
52773128
52792986
52801062
52812592
52818032
52824621
52832285
52837573
52849038
52850931
52875704
52882133
52908318
52916638
52919511
52919806
52925387
52943436
52956538
52979118
52995366
53002332
53019895
53022811
53023954
53037413
53041237
53044488
53050307
53056889
53070258
53078724
53081148
53092248
53094426
53120887
53137279
53147523
53155616
53163718
53169665
53175597
53179681
53194573
53198891
53209295
53233054
53245055
53249724
53250475
53271205
53273248
53291219
53324512
53326384
53329106
53339204
53348224
53354573
53373202
53377019
53380903
53416936
53426793
53430353
53432453
53440559
53453206
53457151
53465332
53494111
53499769
53512422
53539776
53553693
53559006
53563486
53565174
53572602
53596658
53604772
53608156
53631912
53637031
53652103
53656488
53659635
53682868
53688463
53717689
53717744
53726866
53730921
53735518
53756129
53757232
53764233
53766789
53772505
53778869
53779366
53784993
53800713
53836285
53836503
53852108
53865542
53874389
53881510
53882409
53890349
53906926
53926095
53926907
53928358
53950600
53961691
53984205
53992457
53995803
54005458
54033056
54083945
54085370
54112992
54124062
54145255
54150745
54159081
54160515
54166247
54175795
54180572
54183884
54184035
54205628
54207850
54213223
54214088
54221976
54228774
54253557
54257037
54269272
54272396
54273984
54288541
54302332
54307230
54309436
54316531
54327243
54328219
54330306
54365671
54371073
54372476
54409777
54411753
54420152
54448007
54461920
54513414
54520504
54525759
54529645
54569865
54596631
54600706
54617308
54620290
54657772
54676343
54680439
54688473
54730084
54741619
54751884
54752857
54760504
54776477
54779109
54797437
54799710
54811519
54818694
54829647
54853601
54855859
54856381
54874835
54880333
54902600
54907675
54923205
54953325
54956925
54958817
54995995
54997073
54997102
55008113
55019128
55030158
55052055
55071199
55077752
55094151
55094368
55109169
55114708
55116562
55120687
55127587
55130320
55153240
55153762
55156499
55160584
55163899
55182099
55183176
55186752
55192535
55197093
55203958
55210680
55217441
55218055
55221714
55224082
55224437
55246157
55264349
55266270
55278179
55284133
55296429
55300414
55301583
55310254
55315501
55346016
55348870
55371945
55375008
55378769
55383105
55390549
55420847
55421104
55430694
55446930
55469594
55482650
55484896
55501835
55513309
55514113
55516627
55536133
55541433
55562727
55573655
55585795
55614463
55656328
55661841
55676007
55676532
55686330
55686589
55693376
55695169
55695614
55700833
55709951
55727321
55761458
55763003
55767217
55789354
55796005
55807202
55814591
55834070
55840840
55843036
55855021
55856366
55860816
55866060
55879203
55881644
55885271
55887032
55888944
55893753
55914844
55926999
55942780
55955104
55956284
55984961
55989467
55996970
56007675
56044287
56047285
56085800
56088357
56092977
56096852
56129934
56134887
56148726
56151526
56178021
56205277
56205478
56209106
56209153
56218608
56218813
56219359
56223549
56232754
56238022
56242499
56244148
56249736
56250542
56258237
56258909
56267402
56271283
56291151
56329668
56347575
56348576
56352280
56353843
56369238
56382971
56396684
56396686
56404135
56412772
56426143
56453818
56465101
56470051
56524753
56530345
56544082
56547453
56553592
56555032
56560070
56569339
56573516
56583122
56595645
56596142
56621816
56622588
56633775
56642605
56642920
56647613
56650718
56670970
56671393
56671739
56677861
56678003
56684982
56689531
56702651
56731251
56738467
56745685
56746826
56763979
56768814
56769667
56769897
56790098
56794006
56803224
56803502
56808731
56811001
56831516
56848303
56863085
56899887
56905544
56905920
56910950
56914392
56921086
56958886
56973569
56987338
56999723
57004953
57022838
57040759
57091663
57095045
57098172
57109532
57128084
57132724
57133923
57151488
57158451
57164249
57167702
57174832
57177491
57179952
57185154
57185228
57202604
57212664
57213051
57214900
57217207
57226935
57227998
57241663
57251259
57259000
57278866
57286989
57306400
57317249
57332624
57339539
57350776
57364850
57400120
57407185
57424070
57425710
57429245
57458340
57472172
57472253
57474025
57477874
57488139
57488175
57495562
57497075
57501038
57507197
57509241
57517858
57523951
57558895
57571273
57587976
57588693
57593999
57596160
57605498
57606706
57608890
57627232
57635136
57635965
57647710
57664424
57683463
57693747
57697380
57699731
57703376
57703404
57705876
57714315
57746639
57747198
57753027
57770014
57787494
57788374
57794850
57796770
57810355
57818010
57833547
57834614
57850599
57851921
57870334
57876320
57877982
57890774
57891762
57902883
57919919
57944450
57958299
57960973
57963300
57965714
57976783
57986930
57996778
58000155
58002872
58003106
58022380
58028239
58046874
58054479
58059066
58066809
58072897
58076510
58086665
58121332
58121415
58128176
58133396
58136284
58147645
58149748
58150254
58151173
58164251
58167767
58199143
58204898
58207775
58218432
58224263
58271810
58274835
58275376
58277015
58277640
58282194
58286412
58294352
58294545
58298432
58310177
58313720
58314403
58336978
58339741
58351793
58354724
58360252
58362454
58382339
58388533
58402533
58411778
58425007
58430211
58436781
58451922
58455776
58457243
58469652
58475610
58478844
58489311
58490556
58494449
58494502
58502931
58532951
58550015
58554904
58558722
58563973
58565092
58578155
58580846
58595822
58626425
58629611
58647086
58663733
58693680
58721760
58724334
58725084
58745926
58751253
58753326
58771432
58779178
58794647
58800241
58830585
58832843
58854735
58857796
58859754
58859857
58890680
58907323
58915326
58915619
58916903
58921409
58926979
58948179
58949066
58982228
59013016
59015749
59016406
59035719
59038913
59043314
59068825
59070336
59076619
59077347
59081742
59087202
59088297
59100334
59107174
59147421
59178747
59193437
59196260
59209166
59222063
59232302
59242878
59258127
59260813
59279969
59286130
59294326
59294399
59295346
59304450
59308952
59309824
59332342
59341326
59345963
59357242
59365745
59379547
59386461
59409251
59424041
59433989
59448428
59455724
59468531
59484064
59487470
59498443
59499179
59520695
59531258
59532322
59548472
59556982
59561670
59566500
59568228
59582603
59595004
59595005
59598270
59602960
59651126
59660943
59675291
59677640
59688175
59695545
59699536
59701700
59706456
59726771
59731659
59733805
59739645
59744048
59751373
59758433
59759283
59768915
59770479
59775393
59777468
59800174
59803800
59804082
59812148
59812331
59833998
59838831
59844086
59852621
59858251
59858929
59863386
59904156
59922575
59972346
59975563
60013050
60021669
60029458
60046813
60053028
60053130
60062431
60077235
60081135
60092733
60094107
60104621
60105780
60110151
60111516
60124997
60156447
60160233
60162417
60170570
60171870
60174465
60178983
60222369
60226155
60234876
60238216
60248952
60249806
60251812
60295912
60297605
60299522
60306349
60310003
60339976
60342858
60343945
60349614
60364983
60368282
60393209
60396188
60417505
60431463
60440024
60471642
60473170
60477320
60484677
60489027
60490641
60531343
60542128
60562092
60579443
60586277
60599098
60601472
60606593
60609839
60656484
60658652
60674864
60696725
60700460
60702905
60715601
60715835
60718928
60740477
60746966
60753721
60782055
60785226
60792000
60792316
60802318
60806912
60813416
60824253
60825173
60827851
60840259
60865422
60878533
60885564
60890535
60902598
60906833
60916395
60919867
60924675
60939391
60969650
60970547
60975067
60984115
60988162
61000652
61003399
61013179
61022973
61033608
61037196
61058936
61068475
61084357
61119819
61123067
61125159
61125228
61129116
61134001
61149620
61156263
61164503
61172898
61176707
61181143
61195312
61204184
61206476
61215875
61222628
61230824
61242854
61249503
61264344
61290180
61308476
61320625
61321199
61327056
61330869
61335962
61361533
61378021
61385352
61388391
61411893
61412531
61431076
61448380
61452815
61457859
61501764
61516616
61528864
61535261
61542816
61552876
61563303
61572393
61592267
61593586
61595301
61606473
61613266
61617157
61677224
61685550
61687195
61706777
61721033
61722659
61732918
61734443
61741948
61743977
61751843
61795083
61816005
61820410
61820622
61821569
61825680
61828185
61831406
61838542
61864370
61876467
61879669
61883604
61895481
61895803
61908846
61932924
61937059
61943556
61953342
61960855
61964510
61965218
61996082
61999300
62002856
62030152
62034274
62047081
62047366
62049468
62072830
62073740
62114335
62118785
62120622
62126585
62130066
62132326
62136419
62154596
62156263
62182461
62191227
62196049
62199997
62240752
62244679
62246023
62248172
62263384
62269093
62278449
62286190
62288535
62302623
62311453
62323103
62330917
62352883
62379526
62396989
62413324
62415872
62426852
62428173
62429599
62430633
62439233
62458516
62459397
62474817
62484983
62498326
62505908
62509091
62513208
62514244
62514474
62525002
62525276
62533942
62535840
62546540
62553055
62564398
62570948
62576801
62586398
62587214
62591696
62595573
62608713
62613783
62626261
62634412
62642164
62642275
62647728
62662920
62664125
62665030
62670018
62681813
62683457
62712871
62723692
62733452
62744743
62789242
62797146
62803402
62808145
62811211
62848325
62849460
62861510
62876026
62878470
62884075
62907586
62921420
62924618
62930045
62937000
62952106
62986168
62996204
62996410
63002786
63005694
63015559
63036191
63040001
63041155
63042907
63065700
63103827
63134717
63141009
63145643
63150103
63150412
63155267
63174241
63181140
63186773
63187840
63191438
63192086
63210565
63217857
63219889
63220227
63227686
63271711
63296844
63303542
63308352
63315207
63318640
63322148
63335103
63343649
63349089
63354874
63371330
63415696
63420751
63422445
63427700
63431981
63455188
63478616
63484129
63485610
63489286
63502898
63502991
63505010
63509842
63521104
63522944
63530135
63540779
63547445
63548740
63558845
63560523
63561932
63570844
63583339
63593970
63595977
63605390
63641902
63644174
63648304
63649211
63678382
63692535
63692890
63694901
63707369
63708283
63711325
63757577
63761333
63769652
63775094
63776579
63785596
63804944
63837695
63851097
63851823
63852776
63860146
63878759
63903618
63920462
63920602
63924327
63925168
63926388
63935863
63996247
64000051
64012831
64019964
64026787
64029911
64042976
64045779
64046401
64081180
64103691
64107278
64124330
64134049
64140886
64185403
64197274
64204267
64205135
64214740
64216970
64231808
64232567
64233482
64233900
64240020
64263689
64265989
64271399
64273224
64276867
64278196
64295712
64305600
64316759
64340862
64344147
64349397
64362305
64362642
64367938
64371566
64380100
64383282
64405818
64408519
64412940
64433998
64443145
64443594
64466504
64475423
64477948
64490847
64493395
64503196
64509938
64512518
64516444
64536279
64544539
64544682
64550464
64584262
64593592
64602245
64606822
64612461
64640814
64655920
64679940
64683217
64688990
64693145
64703549
64704450
64715831
64745406
64764384
64781740
64800980
64801346
64824608
64829531
64840967
64861188
64869964
64883201
64893635
64896004
64900477
64908925
64910743
64921194
64924023
64929731
64940954
64945857
64949211
64958471
64958803
64961821
64968262
64974804
64980116
64982149
64986298
64987680
64989060
64990281
64990827
65000430
65005349
65006946
65009801
65020804
65026738
65031405
65039757
65041547
65046009
65069318
65081987
65095612
65101564
65127082
65127492
65135190
65170453
65172998
65191409
65193095
65215114
65247635
65248055
65250379
65260003
65298649
65305471
65305659
65362336
65370750
65374247
65381210
65392114
65397831
65401090
65407077
65412124
65427322
65436597
65451630
65474557
65477119
65480919
65482299
65482666
65489826
65497831
65513709
65523423
65528879
65543690
65556427
65566476
65580590
65592505
65594251
65600325
65605924
65607014
65607734
65614750
65616777
65666331
65695100
65702946
65741115
65747806
65748837
65769826
65776863
65789044
65809854
65810528
65814067
65817307
65825348
65827335
65833898
65848757
65850494
65881624
65892714
65893813
65901919
65903717
65907425
65908747
65917373
65934567
65976797
65987154
66005148
66016334
66067245
66076079
66089940
66105932
66109775
66113129
66121977
66139139
66147285
66160807
66177418
66179742
66180516
66198547
66219577
66240117
66242180
66251614
66253150
66268402
66273236
66282297
66301530
66340040
66364502
66383548
66392271
66403978
66410634
66413342
66422267
66446078
66458898
66463955
66469424
66500688
66514347
66539668
66561007
66567208
66567816
66577438
66579465
66592809
66615110
66630105
66634318
66637691
66671106
66687781
66696657
66725630
66746028
66758558
66766199
66775751
66781690
66793634
66800165
66805669
66829476
66831654
66843528
66845197
66846566
66862560
66866939
66880406
66884573
66890803
66897047
66899243
66904341
66905731
66931425
66936025
66953076
66964230
66976303
66991089
67003324
67030209
67065781
67068725
67076914
67098254
67099298
67104280
67121079
67133429
67133517
67150170
67155331
67175081
67191436
67193552
67202200
67210093
67215936
67221721
67235601
67242850
67256655
67261522
67281547
67281990
67286569
67293746
67298098
67298162
67315970
67318580
67322870
67326897
67336416
67342645
67342827
67344259
67369658
67395392
67422798
67428892
67433094
67445407
67473083
67477307
67479136
67493848
67511701
67535324
67537378
67540209
67551457
67555931
67565562
67569264
67578076
67587155
67604591
67609270
67623471
67641593
67643910
67649427
67656666
67658248
67668697
67669546
67682370
67687174
67697515
67710736
67727853
67740312
67746701
67759481
67772442
67772861
67773802
67775400
67776490
67785362
67785971
67806632
67818189
67819556
67831517
67865772
67879926
67887804
67894454
67894895
67899767
67910645
67932847
67945710
67960559
67997178
67999705
68016680
68030399
68037829
68041248
68052740
68078052
68081929
68084712
68090450
68093176
68132497
68134058
68139972
68156197
68156982
68165843
68186356
68187528
68217483
68229846
68230477
68234080
68239133
68242152
68260160
68275226
68292970
68306951
68307325
68348107
68349116
68351127
68353793
68377894
68384139
68418420
68420457
68431735
68436117
68457899
68466536
68466536
68467211
68496414
68502387
68518207
68524998
68527243
68536402
68540312
68553310
68554252
68555331
68557559
68566509
68575091
68580971
68586872
68660798
68670051
68672944
68674935
68677972
68684964
68697942
68705564
68713287
68728325
68734130
68734966
68742407
68748789
68754907
68772954
68778287
68781167
68781428
68800096
68800244
68831581
68846753
68852914
68854733
68856450
68864672
68865943
68872937
68876841
68896542
68901168
68914991
68927842
68931122
68932961
68951742
68960261
68964541
68986642
68992813
69001891
69016451
69023012
69038315
69049456
69051140
69055647
69058712
69059547
69065848
69085575
69102306
69104912
69122126
69125921
69129184
69137119
69162232
69174765
69184793
69201150
69202838
69205671
69227833
69247705
69271570
69294391
69317066
69333365
69340274
69365816
69370947
69380920
69394834
69413549
69422069
69426890
69430555
69430731
69432757
69472762
69482849
69485034
69501965
69509042
69521615
69534347
69544613
69545276
69546303
69556230
69597465
69599965
69600094
69603800
69606153
69612427
69612581
69613872
69620142
69635479
69637069
69641321
69641880
69669239
69675468
69680146
69680177
69709640
69709751
69710395
69710903
69712084
69730563
69731827
69746225
69750058
69762040
69780082
69780885
69805593
69814368
69834374
69841787
69862159
69865547
69866765
69928267
69932618
69932764
69944695
69949655
69959048
69959086
69975654
69980068
69993995
69997589
69998992
70008317
70013352
70021248
70027258
70033811
70060172
70079989
70084447
70089272
70100353
70109890
70138779
70143139
70149925
70150339
70153229
70154677
70161073
70161145
70180856
70192249
70192430
70197634
70214416
70225080
70231523
70231582
70236276
70239287
70261954
70285886
70288288
70293510
70298628
70304388
70310838
70319379
70353014
70358362
70376143
70382212
70384547
70392278
70397883
70408713
70428769
70443737
70461563
70464714
70473481
70473605
70488344
70496779
70521307
70523563
70538953
70550766
70555624
70556010
70564939
70595593
70614835
70616215
70622252
70624306
70626187
70627136
70631462
70634336
70647992
70693430
70695875
70696914
70697776
70704027
70704214
70704922
70712084
70717840
70727602
70740031
70748388
70754483
70754506
70755621
70780927
70789331
70794305
70804511
70805356
70817583
70823172
70824380
70833772
70837711
70841996
70857153
70881885
70895389
70902180
70932744
70937545
70942859
70946819
70973630
70978638
70982645
70991230
70999705
71001277
71009735
71020778
71021573
71043558
71046517
71053669
71066317
71067142
71075444
71087310
71106097
71112611
71117466
71124471
71132692
71132943
71165685
71183922
71189619
71208693
71211212
71212641
71252753
71294984
71309705
71318629
71330099
71336761
71338518
71352913
71356989
71361265
71366207
71377109
71382756
71393718
71422681
71427985
71437339
71440614
71454628
71472248
71482163
71488850
71489222
71500598
71507007
71515191
71520280
71529395
71545574
71564755
71565185
71565695
71566245
71581180
71585012
71602697
71603471
71616512
71634667
71643227
71657144
71659397
71660557
71664336
71665195
71673368
71707262
71725614
71738686
71754707
71761130
71817206
71819113
71829034
71832267
71838282
71856064
71874112
71880154
71881076
71881807
71890803
71893661
71902855
71905018
71907114
71922652
71924081
71924558
71925886
71927184
71939450
71940120
71949218
71956264
71957010
71960032
71976179
72005951
72017979
72037365
72048511
72049655
72078917
72080070
72080131
72096491
72104283
72131172
72132097
72135446
72135837
72150745
72153330
72153857
72155762
72156616
72177255
72177487
72183820
72220858
72227147
72234043
72277615
72278075
72290336
72311358
72312732
72313719
72330698
72336725
72352249
72360086
72373198
72393981
72404479
72406517
72430797
72456829
72475740
72476195
72479973
72497811
72501586
72510349
72514360
72529296
72543453
72545267
72545881
72551365
72569045
72580735
72594544
72599648
72603483
72613424
72625029
72643583
72655760
72660128
72674782
72689375
72695544
72696902
72708869
72727684
72735825
72739058
72742919
72746069
72747192
72753003
72757870
72760554
72766709
72796281
72807285
72808909
72814077
72823608
72840613
72863618
72872399
72887312
72888721
72892323
72893177
72905059
72911922
72919580
72987913
72988166
72988329
72997708
73013843
73018467
73029117
73041502
73071786
73085408
73091660
73110465
73113705
73117678
73120217
73125436
73132730
73135723
73154066
73160818
73162596
73186228
73193541
73199739
73206556
73211236
73218256
73222197
73225813
73243856
73282787
73289912
73300373
73300485
73314005
73330288
73332289
73337952
73339746
73368539
73395315
73402314
73404665
73407071
73450161
73451419
73463460
73486393
73513047
73526282
73539946
73546595
73552347
73607765
73610323
73613722
73614490
73629529
73667695
73676851
73733782
73735983
73741897
73754603
73761568
73764452
73781011
73789981
73790227
73793055
73798280
73823869
73824473
73827870
73831923
73833752
73858639
73862178
73873028
73875209
73878209
73881510
73898431
73910082
73911943
73928671
73947409
73949568
73950848
73950866
73953521
73961701
73976754
73999417
74007884
74009343
74022378
74026872
74032434
74040841
74050435
74076520
74115060
74120489
74122491
74124379
74125842
74137839
74150895
74150978
74170404
74181964
74195001
74237966
74249290
74254994
74266574
74272224
74277679
74279596
74300887
74304459
74321400
74322642
74367033
74371250
74375522
74377531
74377743
74390316
74391661
74394830
74405665
74411672
74431335
74459096
74470130
74497600
74503187
74519165
74520666
74522488
74530960
74531233
74553521
74555065
74559336
74560838
74564937
74566657
74600453
74605877
74614983
74617871
74625008
74632778
74637631
74657581
74677481
74679289
74683788
74689784
74699941
74732805
74747584
74757074
74765442
74769941
74773301
74775332
74786556
74788493
74796777
74815652
74820175
74827681
74833989
74863938
74868152
74872870
74882496
74894038
74898796
74908685
74955477
74967875
75000641
75008215
75019068
75025382
75038432
75051030
75057774
75074524
75075564
75078695
75096582
75101076
75116115
75142392
75145282
75151373
75160451
75177620
75206337
75214322
75269651
75271299
75283981
75287068
75294653
75311695
75312417
75343413
75351735
75352266
75363495
75372818
75389723
75411945
75419837
75422667
75427918
75428145
75448303
75454980
75465560
75485099
75496497
75500327
75513422
75526489
75555413
75586249
75589966
75603857
75610524
75621934
75640575
75649231
75650224
75651881
75661150
75673531
75676359
75690050
75694020
75712118
75740434
75740730
75744812
75748638
75752481
75784412
75797972
75809456
75813394
75826337
75833657
75838080
75843654
75844580
75851498
75856239
75857798
75861698
75871110
75890736
75891665
75896730
75900352
75900934
75903257
75914099
75914253
75920562
75930694
75952914
75973653
75984998
75989747
75995312
76028999
76038154
76049862
76053478
76061131
76064991
76066891
76073045
76073609
76080681
76083032
76093116
76101775
76119231
76132207
76140378
76144904
76154468
76200412
76211742
76222097
76243678
76265816
76318655
76332024
76336936
76337907
76343360
76356557
76364981
76368830
76385831
76431039
76432736
76440074
76444967
76449736
76450400
76456701
76471946
76482875
76492876
76496224
76498997
76505811
76518308
76533580
76557136
76558627
76571442
76598021
76640403
76662397
76672433
76676661
76679748
76700055
76701592
76730632
76732924
76733599
76747316
76779922
76789947
76791473
76800589
76807156
76816200
76821902
76829674
76831099
76840020
76847556
76850692
76850987
76861581
76864520
76865327
76875652
76878942
76908194
76917418
76923541
76925054
76925250
76925739
76931187
76949739
76951880
76956488
76968230
76969646
76970293
76979821
77010536
77020655
77028978
77029528
77036638
77043631
77046195
77053079
77055786
77056335
77075510
77097553
77118986
77155969
77159453
77167555
77187712
77213402
77237222
77241269
77249024
77249830
77278208
77278527
77301336
77307043
77311344
77320464
77330173
77333717
77370036
77373835
77398962
77403085
77415765
77417861
77422312
77431323
77433207
77443346
77461164
77486987
77492930
77500185
77501969
77503879
77518914
77521407
77530201
77531127
77531831
77540567
77542577
77572405
77579937
77593862
77599301
77617955
77621142
77632527
77640331
77640571
77653142
77653618
77655096
77658529
77671294
77680789
77687747
77692940
77695018
77704768
77712227
77720942
77728616
77737446
77740473
77742107
77753459
77759700
77760064
77760775
77768353
77784460
77796050
77806402
77817215
77846773
77848099
77848938
77865041
77867723
77884087
77888338
77965168
77974239
77994868
77996395
78004520
78004655
78005257
78013524
78016368
78038241
78055898
78056189
78065554
78065808
78067874
78078458
78101585
78109237
78111234
78113318
78118902
78125006
78126405
78148441
78166858
78168442
78176468
78182674
78183223
78201818
78208606
78209738
78214950
78233502
78239294
78240695
78253701
78265189
78266894
78268136
78284151
78290284
78292168
78299647
78325265
78325591
78330514
78353901
78373302
78379211
78383645
78402511
78416141
78416223
78438734
78452469
78462254
78469495
78470698
78497234
78509172
78513031
78524620
78553324
78556192
78557313
78565937
78594016
78605348
78632713
78646524
78649970
78654370
78663404
78675412
78677027
78682021
78688157
78693623
78724955
78725478
78731708
78743144
78744342
78747341
78750818
78755211
78788596
78789754
78805053
78806542
78808230
78812131
78824327
78826545
78827363
78829127
78830968
78838576
78858814
78863604
78867052
78875543
78877697
78888060
78896355
78904229
78912151
78929182
78948462
78949273
78951864
78961367
78991607
78992867
79006285
79025893
79039705
79059118
79061009
79061044
79062361
79073631
79078900
79079015
79126510
79128735
79139493
79139775
79146773
79147965
79149623
79172142
79182401
79185313
79194175
79201830
79212875
79233326
79235215
79237180
79252311
79253122
79255996
79259270
79261803
79262224
79262858
79286719
79289373
79292754
79299052
79305939
79309851
79311894
79316899
79325670
79328353
79335200
79363422
79370949
79376361
79394068
79398704
79430899
79435538
79436997
79449437
79451617
79458022
79465313
79470075
79488113
79513272
79514045
79517210
79546589
79554894
79560856
79561406
79571392
79590392
79598589
79601725
79616795
79618657
79637354
79657513
79722003
79726345
79727242
79767638
79786028
79796334
79805626
79809596
79820351
79837112
79840915
79853678
79866870
79868084
79868439
79878155
79884579
79904370
79951376
79952518
79963273
79981360
79986293
79986804
79990511
79994360
80021036
80031622
80032868
80033999
80038401
80040704
80047924
80054417
80067332
80070506
80074269
80077884
80090951
80092479
80092850
80097995
80106229
80117481
80128363
80132232
80145073
80157907
80161386
80169234
80176267
80200953
80208011
80214178
80237731
80244188
80256609
80264886
80285155
80320049
80329846
80364591
80370662
80406960
80418326
80421217
80427747
80433905
80443170
80493896
80520735
80527990
80530284
80553436
80555154
80573887
80576885
80582178
80582906
80592842
80594459
80599607
80600071
80604260
80622642
80633488
80642637
80655675
80673390
80681719
80683182
80685919
80693765
80700269
80732482
80745963
80747349
80748491
80780802
80810411
80814289
80826314
80835303
80868504
80875124
80875631
80906708
80912575
80912586
80918853
80931157
80936225
80937295
80942120
80943317
80945362
80962691
80971948
80975297
80976781
81000651
81004690
81011141
81024049
81038562
81053558
81053569
81067103
81092711
81094489
81101131
81173556
81178311
81180757
81185478
81205857
81208298
81224921
81241125
81266299
81277951
81299384
81311957
81327789
81346700
81347200
81361754
81449151
81476400
81492503
81493449
81493576
81502332
81503847
81508593
81518710
81525157
81537579
81537590
81539662
81568665
81606648
81618962
81626347
81641990
81641999
81658481
81661028
81663712
81671557
81672414
81672991
81674075
81677804
81689882
81694805
81695863
81747880
81774790
81774914
81780964
81782444
81786909
81791287
81796347
81799041
81800726
81801439
81808834
81830475
81846461
81894137
81919522
81928448
81929378
81999484
82000304
82003844
82041724
82083462
82090927
82124570
82124687
82140054
82153564
82157039
82163276
82188112
82202041
82225992
82230665
82238869
82272264
82285848
82293272
82300305
82339564
82341775
82352419
82363645
82370969
82373383
82373645
82387821
82392471
82392810
82399536
82412926
82416774
82428414
82436225
82441035
82446792
82448212
82453798
82468355
82475580
82476220
82524512
82529980
82534191
82552805
82560521
82562791
82572637
82574088
82581707
82591534
82603695
82613551
82666798
82714309
82737758
82748019
82748723
82750596
82763371
82765034
82769020
82778834
82805980
82811365
82821480
82832585
82865805
82886436
82896077
82912843
82921339
82922314
82925618
82925832
82929510
82939862
82955022
82962913
82970670
82972996
82984413
82996717
82997244
83014194
83021545
83025307
83035767
83038283
83041796
83055842
83056037
83060457
83064238
83075746
83081558
83084151
83084572
83098985
83101361
83117678
83120083
83120852
83124400
83126276
83126365
83178144
83189899
83205760
83207152
83207775
83209802
83209809
83215059
83215183
83241062
83264318
83276935
83283763
83295735
83301471
83303225
83305666
83347758
83353670
83355560
83376530
83389333
83391785
83403594
83409067
83458493
83477063
83488458
83513953
83539188
83547701
83548140
83553667
83566000
83567173
83576415
83579438
83591505
83596290
83604806
83609490
83611707
83622412
83629999
83647611
83658030
83663704
83682716
83708243
83724250
83740044
83763829
83765276
83766684
83774400
83795290
83796364
83799040
83820519
83820955
83839873
83852729
83886110
83893044
83896511
83901954
83904969
83908310
83911381
83929303
83935274
83941842
83968444
83993172
84000101
84006850
84013119
84023299
84032311
84065038
84071616
84071978
84075704
84076364
84082413
84089796
84105862
84118305
84120007
84120549
84130249
84151861
84162819
84169991
84179169
84188955
84207495
84211527
84227454
84230193
84230851
84239765
84249874
84250643
84263004
84278237
84291130
84294301
84299886
84312365
84325881
84335011
84372424
84391361
84408443
84412442
84414155
84425792
84446059
84455795
84481503
84491674
84511722
84529463
84532259
84532878
84534817
84543266
84548135
84552384
84553330
84559423
84573987
84579848
84588765
84588899
84606080
84618352
84628071
84628585
84646778
84656471
84667697
84673419
84673596
84685223
84703610
84728930
84742793
84752015
84774899
84778448
84798437
84809220
84820178
84822299
84826382
84828735
84835957
84850740
84861310
84862571
84865464
84867916
84879637
84893960
84895197
84906555
84907512
84928704
84950419
84955926
84956934
84981453
84985690
84996994
85004348
85008691
85008702
85011087
85013205
85013870
85048374
85052764
85072467
85075377
85077036
85088332
85131075
85139433
85147955
85156255
85159374
85161733
85188932
85192763
85206004
85208993
85211668
85223117
85228317
85237766
85239224
85240932
85252153
85253219
85261904
85274467
85278851
85288480
85301516
85301731
85340804
85358407
85366951
85369624
85370300
85371896
85388003
85390459
85434405
85443522
85451158
85455838
85474762
85481107
85503607
85505117
85517746
85520593
85525733
85548697
85556320
85565335
85568590
85569952
85580655
85585579
85611781
85618488
85631042
85634959
85637836
85649475
85662902
85665512
85670377
85680658
85685171
85686600
85693556
85695973
85724358
85725294
85729899
85732567
85747193
85759182
85762560
85785751
85797592
85805404
85812704
85821163
85850264
85857346
85861018
85878234
85883111
85896688
85919119
85930043
85942437
85987115
85988790
85989333
86002909
86013312
86015087
86018185
86025579
86035993
86037108
86044280
86045394
86063274
86065140
86070301
86072521
86093159
86094838
86105050
86105815
86111197
86120399
86121776
86128189
86138080
86148437
86163209
86163221
86202603
86238773
86241049
86248384
86281575
86293690
86308452
86337638
86344068
86344835
86356784
86364077
86368735
86380102
86387307
86388675
86392628
86398355
86400253
86406276
86419969
86422443
86448186
86467085
86500154
86520203
86527352
86579463
86584695
86602922
86605810
86605834
86607429
86636745
86643665
86655136
86658437
86672336
86677294
86714357
86715246
86721718
86781407
86786294
86790483
86807630
86813117
86853047
86854657
86882718
86904756
86921915
86930320
86944408
86945841
86950301
86962421
86966283
86973249
86974964
86988729
87016546
87020505
87023177
87033709
87039165
87046152
87062421
87067822
87082086
87088967
87094720
87134989
87163298
87164870
87176090
87198896
87235629
87271959
87277800
87278318
87291978
87292211
87305433
87314897
87315570
87323194
87330694
87344975
87353353
87369088
87382277
87400437
87402297
87410885
87412166
87413675
87436276
87443445
87451216
87464335
87469397
87505184
87518925
87521465
87523918
87535038
87537394
87554276
87581087
87608306
87612739
87628026
87648569
87660687
87675650
87689317
87689593
87695404
87709673
87730960
87739959
87744570
87749327
87753144
87753561
87760389
87761564
87786137
87798062
87812310
87823078
87840211
87845766
87850861
87851067
87874759
87912537
87918736
87923882
87947864
87948812
87954284
87965357
87967620
87983616
88012764
88028541
88037838
88040253
88062688
88064772
88069808
88070147
88081165
88081417
88082589
88088996
88095595
88098553
88116535
88121246
88130706
88137018
88137463
88143934
88151631
88153512
88154679
88161091
88198033
88199536
88230828
88254017
88280511
88282564
88302330
88311662
88313827
88314412
88331475
88338997
88349345
88365317
88365987
88371668
88380772
88384909
88394294
88398061
88398365
88410574
88430987
88446423
88454039
88486149
88490264
88499028
88506259
88520390
88527744
88530712
88548219
88559320
88559988
88565482
88583979
88594368
88612501
88616627
88618952
88624613
88634032
88657036
88665363
88669878
88684900
88700484
88725148
88739819
88753159
88771688
88784751
88785201
88788154
88792291
88800484
88815039
88834555
88837953
88851157
88854695
88872821
88873068
88876219
88877610
88880016
88901100
88906928
88911313
88912942
88915338
88916344
88920658
88922217
88930398
88951041
88965131
88987766
89012071
89015289
89023067
89045433
89046047
89049170
89049782
89055118
89058192
89065094
89091403
89105627
89106553
89109941
89115265
89143789
89145844
89153974
89162570
89180621
89188167
89202300
89204526
89209271
89213302
89221293
89222080
89224476
89241540
89253555
89285282
89287502
89292231
89299135
89302276
89313382
89316263
89330862
89331082
89346258
89353261
89355762
89359478
89376962
89398931
89407067
89416030
89424156
89427276
89448267
89458427
89459497
89464848
89471061
89499084
89501094
89510522
89519172
89527954
89530762
89563542
89567346
89582115
89617586
89620392
89621352
89646992
89653910
89662132
89684362
89689455
89691846
89712343
89735213
89746765
89764811
89768623
89772172
89785337
89834228
89839552
89861969
89863206
89867989
89868521
89912472
89923777
89927033
89931400
89943430
89955237
89964109
89999427
90003546
90009494
90019058
90026499
90027737
90043701
90056954
90057226
90063481
90077314
90082669
90089993
90095236
90095920
90115071
90120929
90123012
90124763
90128534
90131993
90137993
90158216
90160496
90162599
90174434
90181011
90182121
90191755
90194198
90194766
90200433
90209505
90214845
90227302
90231764
90236632
90244956
90250955
90265805
90281977
90314519
90322096
90325974
90335435
90354003
90364617
90380470
90387983
90406772
90408222
90416385
90441391
90446987
90447448
90466388
90472244
90493060
90505611
90518113
90520772
90522074
90532497
90547333
90553323
90559878
90575942
90580708
90610543
90627101
90628162
90658354
90673146
90676977
90689025
90702146
90707040
90712968
90727492
90737323
90738548
90739132
90745652
90747254
90773017
90773270
90773420
90784105
90801410
90827884
90835854
90844361
90856105
90856208
90865113
90865479
90869715
90874631
90874660
90876665
90876788
90896093
90918700
90927973
90938157
90950548
90956740
90967531
90977901
90979364
91001168
91031680
91035378
91042871
91050079
91060542
91062269
91067623
91068932
91077575
91095236
91125797
91130269
91145276
91177874
91187303
91189692
91195932
91208331
91210919
91212899
91215766
91235940
91239739
91241468
91264140
91290823
91305345
91327024
91328818
91331133
91366183
91370323
91377443
91379155
91379291
91380870
91389367
91390259
91396413
91402454
91420237
91482598
91509484
91517806
91527440
91534203
91542040
91545495
91549218
91550837
91566897
91571873
91576708
91577478
91578936
91591496
91595034
91616117
91619433
91637670
91638785
91643977
91708220
91715311
91715656
91722989
91723565
91735618
91737441
91768512
91768820
91770606
91771950
91788911
91806644
91816789
91819525
91822770
91840669
91843038
91880334
91880472
91882723
91883570
91893610
91904199
91905917
91906751
91928020
91938214
91941800
91965052
91969652
91978855
91986740
91999012
91999404
92002159
92002247
92009626
92010196
92041345
92050399
92054433
92056710
92059988
92087691
92094338
92094938
92135266
92137968
92158755
92177533
92193573
92203269
92212070
92217202
92223436
92224745
92229377
92249873
92253614
92260705
92277529
92291421
92298955
92308579
92324273
92327831
92354110
92363184
92397390
92405869
92424073
92437679
92440461
92457290
92461412
92484880
92494848
92503829
92508653
92514386
92520154
92520363
92522776
92526311
92527923
92531171
92532647
92534175
92534354
92538258
92545560
92553671
92562161
92565915
92576500
92614093
92622433
92622722
92632527
92642444
92644295
92646297
92650675
92657961
92668611
92704079
92741732
92742646
92743016
92745763
92754021
92758610
92789545
92789576
92810133
92827123
92853448
92861435
92863918
92870153
92871703
92873803
92881653
92900746
92911432
92918962
92919137
92922183
92932634
92944542
92950674
92956558
92962418
92962672
92970506
92980868
92983778
92989846
93001251
93012601
93050404
93051284
93054528
93084912
93093560
93103811
93108780
93111017
93115983
93118938
93134151
93166466
93166933
93184011
93186917
93199762
93214816
93216725
93231353
93238226
93241932
93246984
93255037
93265038
93266577
93273662
93305496
93321708
93323686
93325002
93328345
93330848
93343096
93343713
93352281
93360350
93375133
93392305
93392683
93404862
93407919
93417567
93426672
93447705
93447865
93450957
93456561
93458375
93484157
93490228
93499020
93500647
93507015
93509663
93515322
93515457
93519286
93534460
93541489
93557672
93566942
93582357
93594802
93609886
93610523
93614614
93637729
93640399
93640508
93653454
93655818
93656724
93694862
93698492
93753393
93756012
93774733
93802163
93824178
93843737
93849566
93857223
93857789
93882565
93898633
93907488
93916885
93942180
93948198
93960793
93969409
93977669
93978945
93991360
93994189
93996665
93997834
94000390
94001191
94011590
94023340
94027060
94027535
94030609
94046950
94061405
94077839
94085597
94098144
94102654
94112784
94117340
94121768
94131321
94133677
94138167
94157777
94160057
94161705
94171993
94176809
94177861
94185902
94210603
94239535
94239589
94250937
94254691
94285519
94342702
94346127
94355435
94363902
94370989
94376341
94399799
94409477
94418540
94419342
94434202
94437503
94449908
94463242
94471491
94474718
94482076
94490321
94513015
94519249
94526624
94535500
94540149
94543275
94579437
94590425
94592403
94599497
94603001
94608905
94618518
94618775
94621962
94623796
94624544
94634136
94641429
94651741
94651854
94667780
94676221
94676271
94694767
94707019
94707519
94720618
94740510
94767469
94776601
94778617
94781543
94793889
94813976
94814641
94816134
94827574
94828177
94830566
94839076
94872905
94899898
94923641
94973040
94987970
94998364
95016168
95017796
95037267
95043289
95053123
95057236
95064833
95086562
95104982
95118484
95126140
95128590
95135501
95139929
95164290
95170762
95173461
95175444
95190402
95193776
95210850
95212127
95212358
95221726
95222772
95228539
95261290
95262025
95267852
95293299
95300974
95301170
95314277
95317672
95321851
95324428
95330573
95339270
95340039
95352640
95360937
95362637
95377290
95377801
95421713
95425470
95432056
95432762
95439084
95456128
95461038
95473945
95484148
95491507
95534466
95543717
95546902
95554379
95563257
95565977
95568079
95574696
95576697
95578832
95579945
95593034
95597169
95597861
95605830
95608029
95641738
95650411
95660943
95674336
95679382
95686693
95699358
95708454
95749718
95800183
95813992
95827581
95831706
95834828
95851656
95863767
95867167
95870079
95888000
95893209
95900171
95909006
95910197
95915611
95920186
95925863
95930060
95953766
95958548
95965539
95966257
95985695
95986798
95995821
96013156
96013593
96023501
96040706
96043817
96044782
96047941
96069998
96071619
96071633
96083924
96120700
96146714
96150340
96158838
96164077
96174059
96179744
96183723
96196441
96200615
96204775
96228367
96237434
96275644
96276471
96281458
96287391
96289611
96296683
96315545
96317220
96318792
96322845
96326300
96341913
96357722
96373440
96373763
96390023
96390483
96394549
96408511
96413362
96415156
96420680
96444771
96448962
96449113
96484619
96490028
96498250
96541905
96544191
96547143
96563708
96575195
96579269
96579359
96581647
96600648
96602298
96640354
96643000
96655640
96655863
96657704
96680127
96681684
96694066
96713167
96715375
96744144
96752141
96752679
96770927
96771178
96794293
96809873
96815404
96824344
96828947
96832802
96844336
96860461
96863820
96867582
96880381
96880390
96883126
96888194
96892794
96899307
96905204
96957889
96968586
96984615
96993641
97002869
97004539
97012540
97016082
97026341
97030951
97044726
97050129
97050989
97054836
97072011
97077192
97078944
97085403
97086800
97087363
97104306
97135917
97139830
97141192
97146242
97152957
97189584
97198079
97200672
97202225
97206861
97210358
97247402
97255141
97255804
97260034
97261267
97271396
97281524
97285901
97286578
97291987
97297415
97298425
97307717
97312464
97317463
97318933
97325529
97344546
97371996
97380630
97381480
97405583
97407966
97408995
97411420
97417928
97425608
97433803
97461778
97464425
97482913
97488514
97491858
97495479
97506134
97512773
97513911
97516428
97534595
97534848
97549701
97553148
97574826
97577851
97604270
97617510
97626667
97637651
97642468
97662894
97668801
97710154
97710728
97746737
97758652
97763014
97783143
97792469
97809614
97822923
97826465
97838877
97849285
97851829
97857978
97867939
97870135
97875565
97885700
97913064
97921824
97928638
97940362
97944375
97956934
97973758
97979475
97989322
97991703
98018060
98019107
98031771
98039290
98052945
98065350
98066308
98077536
98078555
98088885
98089421
98125255
98147023
98147843
98153126
98156446
98160971
98175833
98196813
98198133
98206684
98243331
98245166
98248667
98261790
98264146
98274018
98276126
98286999
98293533
98294145
98295769
98298850
98300638
98304547
98308157
98324220
98340358
98358252
98364916
98365443
98372132
98375178
98388178
98391904
98433678
98436111
98446651
98452490
98487423
98491226
98492212
98525514
98535640
98536072
98558166
98598342
98599370
98608096
98612056
98623530
98644055
98657695
98663766
98688748
98691848
98696986
98699737
98703900
98713415
98715069
98737926
98743257
98743716
98756048
98756577
98783536
98783743
98786279
98792172
98798176
98814954
98857520
98875320
98895058
98897402
98899426
98904919
98905635
98916131
98916585
98925640
98949098
98954393
98981309
98993442
99007334
99016772
99020447
99025369
99026736
99030740
99038165
99042793
99062287
99066523
99108625
99113003
99139758
99154935
99176994
99188672
99217181
99234364
99237676
99238037
99243374
99263240
99274794
99282582
99283090
99284003
99288821
99294246
99319543
99321720
99333554
99346681
99367501
99369236
99370409
99378839
99379152
99379595
99403141
99405726
99406339
99419898
99422265
99444373
99445097
99452297
99458943
99462229
99481910
99495322
99496103
99508535
99540440
99546817
99565146
99575477
99586923
99596624
99602398
99609718
99610894
99612128
99645990
99647989
99652394
99663452
99722106
99724455
99736927
99740474
99741878
99762595
99765044
99765813
99774919
99781874
99799617
99819320
99822939
99855041
99862616
99868460
99879325
99898890
99900607
99905445
99937278
99937301
99938531
99955244
99977481
99986048
99986518
99988164
99992336
99993311
99993313
99994676
