6993
11305
31564
49427
56222
83879
138654
154927
185388
192874
204888
256170
263393
267145
318330
329781
330791
346358
353552
385042
402654
410647
416609
429265
467044
509698
513828
544724
551428
598856
620366
648203
670179
672436
673048
677554
707713
713794
725339
832961
849702
860659
888404
891360
902561
942177
992363
1013695
1044232
1051023
1117946
1145678
1146656
1148870
1158456
1179082
1201787
1205860
1217460
1243053
1266744
1273402
1286487
1297422
1317221
1336923
1342055
1344179
1372103
1378288
1386197
1386765
1387885
1399837
1457440
1462683
1462945
1478822
1530059
1557013
1562108
1583145
1604451
1607640
1620892
1639322
1649606
1668011
1716583
1723614
1725581
1740427
1740722
1742787
1747279
1796211
1828586
1838751
1866416
1870824
1881649
1883208
1941422
1942482
1944369
1955679
1959022
1965796
1979121
2011065
2017618
2033222
2066858
2074500
2090062
2108230
2134375
2135782
2182689
2207009
2219678
2307034
2337000
2350977
2362296
2375540
2400233
2401626
2420999
2428259
2430452
2444949
2500555
2512071
2552684
2555522
2561703
2563533
2565444
2567431
2598996
2605782
2613643
2645065
2648063
2670875
2686627
2688128
2723073
2729935
2748739
2750038
2785312
2790360
2793535
2797896
2808511
2861312
2878773
2885003
2886679
2930953
2932353
2957039
2959259
2973999
3032488
3053050
3101405
3104554
3124761
3127040
3142392
3144562
3150341
3153006
3165762
3177917
3229609
3273262
3303997
3351522
3408057
3411055
3421277
3428673
3457068
3472209
3479724
3513536
3521692
3534386
3539296
3573118
3595906
3608514
3617127
3644767
3679698
3686264
3719246
3725329
3759367
3770851
3800602
3819510
3870477
3883577
3888113
3890404
3936851
4020215
4034615
4062821
4076156
4088188
4118754
4134606
4139302
4142957
4221638
4288047
4297324
4308045
4315152
4330937
4383248
4393613
4403460
4404080
4405216
4415858
4440724
4447340
4447693
4475701
4526558
4529796
4550683
4563998
4573485
4618872
4628361
4654403
4668449
4703885
4755156
4765063
4793198
4803323
4810546
4826467
4828233
4904298
4930441
4946962
4954581
5000058
5001568
5018171
5021924
5023591
5031549
5041201
5045076
5049090
5049249
5057144
5066646
5071015
5092867
5122432
5124474
5158142
5158714
5162259
5166503
5171986
5217473
5218860
5256356
5261100
5261266
5294869
5330115
5381518
5392385
5397182
5460701
5463075
5486249
5502159
5551476
5567785
5583983
5590793
5591443
5629186
5658510
5684751
5691762
5692828
5731935
5733795
5734259
5763295
5783928
5808325
5824076
5853673
5893756
5917511
5938654
5967108
5975487
5982743
6095942
6107377
6111923
6184432
6184696
6189621
6209191
6260895
6268056
6309151
6316521
6332746
6337618
6349671
6376141
6386285
6414014
6418173
6425981
6440244
6442161
6487250
6513004
6525122
6552894
6576218
6576989
6592977
6612413
6630587
6639685
6663496
6679681
6688304
6703634
6706418
6709971
6728975
6752467
6755464
6758152
6777576
6785158
6803615
6814700
6861986
6873839
6957763
6966977
6976359
6986413
7010874
7028403
7031799
7033683
7041132
7047897
7051545
7084207
7105533
7121975
7137954
7158383
7261437
7262596
7284331
7291531
7304062
7313514
7335362
7344687
7345223
7407264
7407429
7431302
7445427
7523422
7523620
7528687
7541169
7570226
7574528
7584012
7619286
7621153
7662603
7677904
7695700
7697914
7712422
7724131
7768194
7787879
7798981
7804161
7821664
7823663
7839862
7845186
7850517
7912286
7917071
7951556
7956242
7956603
7992289
8004312
8039682
8118458
8124635
8223798
8225006
8341119
8363058
8408701
8418658
8440500
8449339
8456998
8465726
8544883
8554759
8588455
8616386
8616939
8617003
8647763
8658951
8666431
8708607
8721870
8730182
8746843
8758591
8792323
8792659
8825695
8827786
8836479
8850690
8854451
8855006
8859038
8867228
8869261
8885148
8901601
8940783
8954944
8961090
8961847
8999833
9019367
9050068
9060944
9083040
9115329
9152641
9171254
9182730
9233757
9247253
9248099
9272981
9338395
9348527
9392807
9414744
9415106
9421867
9430397
9519732
9546705
9563266
9564992
9569372
9592254
9624298
9666274
9708198
9730049
9797591
9825874
9826490
9853864
9865566
9868143
9873966
9882263
9909888
9923527
9968857
9981831
9987027
9990161
10004831
10008824
10010461
10019219
10020446
10033663
10057060
10097390
10114949
10119526
10140799
10142917
10162130
10180367
10186554
10206725
10244640
10270782
10304033
10338144
10368021
10377643
10380955
10398573
10407644
10409973
10435469
10444755
10447447
10448867
10455424
10459948
10473148
10479227
10501488
10513873
10535026
10549771
10550576
10562094
10573039
10578534
10607462
10641197
10642208
10677870
10704520
10711457
10719935
10723068
10732483
10745396
10750101
10751065
10768581
10771461
10781698
10791481
10804793
10820768
10843212
10861383
10872819
10882766
10884003
10887966
10898019
10937732
10952361
10955948
11008401
11050196
11057729
11066683
11068490
11098563
11111661
11149072
11166753
11186389
11203752
11205942
11207838
11217041
11225997
11246128
11247939
11297057
11298885
11312778
11368530
11382153
11390976
11409611
11417111
11423139
11428475
11436055
11455984
11461074
11463168
11497295
11529995
11531869
11558212
11585872
11613652
11623348
11628996
11633808
11635209
11643484
11701207
11719448
11732285
11749702
11756081
11776558
11811393
11856828
11886109
11893605
11904499
11910750
11980827
11983555
11995512
12005224
12013188
12033607
12042181
12043403
12076424
12079598
12104089
12105554
12174641
12181430
12182727
12185124
12191149
12210991
12241475
12264448
12308495
12310139
12343133
12388676
12415326
12424170
12428517
12439575
12463380
12478208
12481408
12492722
12501873
12511632
12514047
12534219
12583429
12615383
12671977
12678400
12708021
12716694
12719944
12743809
12760841
12770183
12821958
12859518
12873178
12893168
12894675
12904528
12922105
12923721
12937999
12942541
12944169
12962280
12971860
12978359
13004061
13006946
13017571
13029648
13118181
13119503
13142041
13143097
13149128
13151447
13164153
13173850
13175065
13241121
13255452
13291642
13323869
13335870
13354191
13365666
13396272
13419559
13420776
13439405
13451972
13488181
13509252
13560677
13574517
13596737
13648629
13653650
13659249
13691707
13691995
13747907
13753935
13823127
13841492
13842597
13879037
13882620
13916491
13948348
13963328
13973453
13985591
14009425
14019017
14048379
14061483
14064805
14077865
14096853
14099151
14102882
14111865
14112820
14128388
14208436
14232666
14243215
14259675
14322271
14369920
14390717
14397828
14401602
14409505
14409565
14410643
14415416
14451816
14511915
14540574
14608188
14628983
14635313
14641830
14650722
14654107
14759760
14762783
14771482
14831332
14843581
14872865
14944170
14954854
15004561
15018457
15029102
15078314
15079979
15089661
15112574
15114892
15124405
15167538
15171501
15180171
15221816
15257144
15273033
15278310
15279965
15320446
15333501
15353919
15379144
15404647
15437751
15449686
15455049
15475410
15479662
15480595
15486255
15486894
15523014
15539531
15554340
15569492
15575732
15605751
15648246
15672542
15684834
15687458
15694374
15701980
15742619
15745771
15816797
15837356
15839205
15856381
15858231
15933023
15939384
15941853
15979676
15987732
16003115
16021435
16024533
16046762
16083262
16086187
16088052
16095950
16115721
16125795
16131080
16185430
16207553
16227360
16231449
16245714
16247395
16269593
16274155
16274179
16296415
16303548
16309406
16311506
16325222
16329206
16412334
16425876
16459980
16465471
16488350
16493776
16497070
16513520
16551531
16570004
16581227
16662948
16722185
16740999
16768469
16818300
16828748
16832127
16841006
16843406
16881846
16943069
16959807
16968175
17019880
17048530
17093621
17099330
17105924
17114787
17118508
17142036
17152747
17168400
17169075
17187191
17266713
17273400
17274141
17276619
17289527
17290747
17311857
17321216
17369912
17388289
17428167
17437240
17439705
17447182
17456021
17463623
17465986
17469531
17496596
17529495
17546341
17571697
17593096
17641605
17740825
17777782
17778110
17851757
17892004
17910017
17988535
18006115
18065641
18066103
18066520
18084544
18099235
18100978
18109321
18132404
18132836
18167020
18180158
18194492
18220222
18221948
18298651
18300677
18330668
18340271
18350832
18379369
18390296
18397866
18419184
18419896
18432665
18451680
18457991
18479745
18507423
18563645
18579517
18604884
18607611
18652823
18664502
18725293
18728886
18796593
18805607
18823405
18827144
18836792
18841339
18861771
18877644
18904640
18914530
18945638
18961365
18988504
18994338
18997584
19023648
19026261
19057325
19066030
19089702
19095220
19099558
19114910
19116637
19213530
19224018
19226078
19259026
19261289
19339803
19352058
19359496
19367456
19376497
19377020
19377143
19381921
19388522
19393080
19405597
19412488
19428590
19503992
19509863
19516618
19523789
19539807
19552034
19563256
19577172
19582609
19589796
19594578
19611372
19622344
19687049
19738201
19762427
19764955
19771170
19784216
19843186
19856435
19858083
19883883
19889134
19927474
19939665
19967281
20005527
20021403
20035778
20052437
20060459
20067466
20070798
20083068
20141589
20161988
20194232
20215318
20243734
20271863
20313421
20387390
20394151
20423090
20435941
20452694
20460709
20496691
20506325
20515305
20529640
20530797
20552458
20556166
20559898
20566312
20571980
20595704
20617427
20633972
20649350
20655072
20664941
20683921
20687885
20695344
20705572
20735967
20788149
20804409
20834642
20872448
20884731
20885934
20890403
20891706
20905745
20915212
20931460
20933086
20941842
20959030
20965298
20969526
20991164
21031986
21036436
21046246
21109415
21158628
21175725
21209837
21246963
21254403
21255801
21268718
21285167
21313678
21325134
21358274
21375764
21383570
21392153
21400864
21451857
21475403
21513488
21539899
21558859
21571255
21578054
21583907
21592855
21596167
21596468
21606939
21613000
21631600
21633701
21653005
21670930
21679701
21688904
21711689
21741563
21789022
21815520
21829209
21868013
21903410
21909280
21937012
21955428
21955515
21969544
22038325
22082028
22156182
22164883
22181806
22200805
22214437
22214974
22239901
22246466
22268015
22301330
22311308
22331286
22331727
22332319
22381029
22388725
22401128
22408130
22430451
22438037
22451419
22464987
22468715
22523508
22548995
22570994
22597759
22605886
22634507
22644485
22662651
22702399
22714339
22725321
22758795
22812757
22817898
22859354
22864825
22869024
22902843
22931634
22940351
22987653
22996584
23018541
23021506
23029931
23034727
23035891
23072245
23072333
23091181
23103958
23131729
23133046
23143364
23157387
23198326
23210579
23223773
23245908
23248167
23272781
23283094
23292921
23303441
23303596
23317809
23331131
23342832
23347178
23383956
23405848
23440143
23459573
23490478
23506960
23509695
23518729
23525991
23532473
23565452
23579436
23604228
23628942
23667237
23675540
23680811
23685134
23690369
23715018
23727943
23780333
23788497
23805916
23812534
23846759
23900725
23933574
23939690
23973383
23976206
24010147
24058943
24071944
24077190
24089475
24123281
24149682
24192571
24207346
24245697
24253521
24335409
24403911
24410176
24411377
24426555
24469234
24512492
24539074
24558207
24566610
24585522
24665550
24677592
24693028
24715180
24725642
24751874
24777814
24823897
24833439
24854138
24881688
24886535
24906569
24929700
24957496
24976723
24994166
25001163
25039008
25052880
25093145
25102666
25103599
25193553
25196784
25251795
25282669
25295453
25296136
25346017
25396785
25400488
25407215
25414617
25414794
25418248
25450544
25466271
25480919
25485704
25494645
25540337
25550736
25553814
25556677
25560138
25586231
25586545
25598279
25600235
25608956
25633591
25643512
25677622
25687634
25709194
25710023
25725345
25739099
25742360
25745596
25763055
25763144
25766613
25772477
25816437
25883676
25885565
25912141
25926390
25951547
26041078
26044193
26053303
26057888
26059035
26059153
26063447
26066326
26066657
26076172
26106942
26110275
26131664
26132980
26174510
26250677
26256410
26326167
26331876
26341978
26361045
26387129
26394571
26421569
26437403
26445087
26449494
26491038
26495874
26551512
26558161
26563276
26598511
26611837
26618424
26629729
26637810
26653236
26688496
26722596
26724493
26738656
26742015
26765853
26773739
26776685
26798742
26820556
26827233
26838584
26857384
26886856
26899315
26913032
26929736
26972234
26972271
26986682
26999268
27012359
27019234
27049874
27053650
27055367
27065622
27081990
27127185
27132048
27135623
27165656
27184301
27213689
27240183
27248865
27269243
27274867
27291904
27294670
27317029
27327080
27327990
27337115
27354154
27361453
27389842
27414588
27418940
27425306
27426607
27505448
27564299
27574465
27640405
27655377
27675469
27683883
27734591
27754617
27760792
27785299
27793296
27842223
27858683
27873469
27910027
27936309
27952537
27958669
27986683
27991055
28001935
28013773
28014123
28016305
28059670
28073810
28074141
28085930
28089637
28115926
28145284
28145379
28199543
28203787
28223663
28229107
28265792
28268874
28292426
28320828
28328095
28343485
28372082
28387773
28415106
28442253
28442623
28449942
28458034
28461315
28464900
28467695
28491752
28506745
28550903
28577215
28588090
28589671
28593595
28601924
28614531
28651647
28659700
28676455
28721527
28737834
28745752
28754034
28811431
28882239
28896639
28900784
28902477
28905139
28921402
28932400
28939239
28963152
28973765
28975350
29072937
29073610
29096268
29111312
29111881
29112454
29136996
29180849
29206998
29218141
29223639
29301733
29307230
29380488
29384158
29452194
29490302
29496049
29508815
29508828
29521889
29541496
29576771
29583569
29602017
29653075
29656371
29673323
29701374
29721440
29722105
29723717
29726919
29730119
29779689
29779820
29801943
29804848
29818294
29850260
29862380
29869113
29872473
29874210
29890478
29902732
29912257
29915638
29925058
29969333
30018296
30018432
30026840
30031558
30053393
30056013
30068007
30100480
30119408
30123296
30182441
30184684
30199770
30225621
30230786
30276684
30283559
30298182
30325316
30352829
30358859
30370088
30380453
30410191
30424794
30431441
30456243
30460494
30468162
30471909
30492688
30519385
30539374
30564470
30650568
30659846
30691312
30698730
30698964
30704921
30745989
30786167
30808460
30816484
30818813
30865656
30895275
30906017
30917636
30926612
30928595
30938386
30993831
30995901
30998839
31012490
31019107
31023310
31062020
31082507
31084809
31169214
31188714
31251602
31256468
31277223
31279355
31293519
31317469
31317835
31342139
31352973
31379093
31400116
31408687
31444109
31481541
31503422
31504554
31504614
31516890
31527884
31542646
31548432
31602528
31622347
31643373
31645178
31646464
31749148
31755722
31767267
31771083
31788002
31788298
31825430
31826757
31830756
31849413
31863353
31866247
31885710
31892444
31906939
31945972
32015532
32025007
32026282
32083682
32091038
32093353
32104094
32105353
32136087
32138330
32148187
32154142
32167662
32168547
32197641
32220805
32221816
32233822
32241023
32274003
32381857
32443785
32447593
32459138
32476813
32477027
32521393
32542365
32542931
32579617
32590114
32603299
32622510
32640939
32648053
32668923
32678739
32679738
32696913
32716863
32729365
32904468
32904802
32938456
32950978
32959201
32981259
33014475
33040231
33080370
33083478
33107402
33115513
33140810
33144242
33191662
33202614
33277289
33303726
33363519
33388052
33388697
33397515
33419673
33437303
33437388
33440236
33504561
33513313
33554452
33557039
33558841
33577799
33600122
33632171
33655383
33682827
33709808
33721192
33765548
33772629
33777431
33811235
33817705
33822230
33826328
33854559
33856526
33944821
33949018
33957550
33992466
34013774
34024077
34025457
34027331
34089376
34203513
34216206
34249591
34275199
34280636
34296895
34312630
34383081
34454195
34473087
34500690
34534112
34537810
34550328
34576898
34588575
34594763
34613035
34626684
34630911
34647328
34659432
34691105
34696533
34712991
34733636
34733726
34745299
34779386
34782498
34839588
34863337
34876676
34892797
34901265
34909690
34915980
34925104
34927269
34929627
34937034
34944727
34946078
34964441
34986521
34990997
35017717
35023294
35030313
35033013
35089636
35089840
35100864
35108752
35112398
35118112
35125761
35130145
35139967
35158819
35199479
35219667
35225044
35225876
35236860
35257197
35258288
35272184
35288762
35315115
35329242
35330119
35353082
35372024
35405334
35423185
35462170
35476396
35496651
35504855
35507839
35518899
35603703
35610917
35613556
35616028
35627186
35631907
35649033
35663811
35666742
35688797
35688814
35739260
35746483
35754978
35773448
35791484
35791633
35793381
35812382
35812491
35826912
35831627
35835920
35843071
35847123
35910774
35927304
35946576
35979917
35994956
36056613
36072982
36075810
36076552
36083505
36084971
36093514
36094493
36102077
36110171
36127767
36140639
36146505
36162665
36208975
36229161
36256994
36262008
36284987
36286126
36287229
36320413
36442581
36442990
36452826
36479111
36488408
36507964
36519614
36531226
36581011
36588406
36628446
36637991
36641842
36644996
36646728
36654289
36670184
36687277
36692258
36694693
36698542
36701070
36752101
36753197
36787403
36807442
36815277
36856832
36939619
36951556
36995502
37012518
37057381
37072725
37154052
37175850
37196676
37237219
37249290
37251074
37269326
37274812
37295696
37307248
37310515
37327261
37404629
37408855
37425963
37459662
37490769
37520051
37538960
37550734
37592543
37624430
37631610
37648375
37649373
37653265
37664801
37684674
37686780
37694336
37702838
37733215
37748095
37815087
37829604
37870419
37891268
37924286
37951039
37995305
38011121
38016638
38092761
38100550
38105076
38108996
38151328
38154786
38160701
38169042
38176253
38179342
38212720
38215579
38232583
38250771
38258980
38276942
38278312
38284555
38318458
38343393
38382347
38412480
38418348
38458860
38499695
38521814
38580524
38589596
38593938
38600947
38608796
38618099
38658705
38700411
38716198
38750887
38765958
38800929
38818940
38841017
38859452
38876007
38922101
39033688
39036666
39059467
39151608
39202246
39203355
39204636
39206905
39212999
39217525
39234784
39257673
39261337
39261797
39273102
39299299
39305508
39356098
39357193
39367640
39411978
39446124
39446739
39459713
39486502
39497153
39523221
39537499
39624980
39640124
39697867
39711875
39719343
39749112
39750052
39756872
39840002
39847442
39866803
39894240
39917428
39927702
39951889
39970431
39978832
40041931
40067375
40100971
40147079
40147399
40150307
40158437
40199289
40253178
40317803
40341990
40371501
40383803
40430346
40437967
40440594
40440841
40462828
40488740
40510503
40520064
40559053
40612965
40613993
40634274
40648165
40660332
40682476
40712771
40757639
40764298
40765241
40765499
40815427
40824491
40849412
40850551
40853770
40859491
40909002
40921162
40948478
40955826
40960504
41009680
41069913
41078468
41097812
41112897
41116966
41177278
41186242
41225738
41238773
41285002
41286305
41291153
41308337
41339218
41375033
41379291
41403948
41423913
41454892
41486639
41494815
41525368
41549976
41589476
41611233
41623109
41642697
41647050
41662172
41672721
41691227
41718480
41722694
41740439
41740961
41752870
41754605
41772158
41787797
41794561
41801131
41815286
41824473
41854472
41876032
41878361
41900075
41960706
41969088
41970827
41979445
42010665
42094912
42102918
42111137
42125263
42173804
42210785
42219100
42269260
42278290
42301963
42316442
42336482
42373810
42382516
42396202
42406428
42409965
42437456
42452416
42506917
42509872
42529996
42532757
42645399
42660275
42662842
42688098
42706341
42706397
42728249
42732789
42738003
42761529
42770403
42775419
42815775
42823255
42835368
42836966
42838471
42862582
42946599
43014281
43032189
43052396
43055225
43057312
43096586
43104350
43120023
43141134
43171329
43188955
43193359
43194078
43216445
43220655
43246811
43261516
43266516
43277814
43294582
43387037
43398784
43420611
43442183
43465069
43523780
43527964
43537959
43542017
43554061
43570385
43580331
43596291
43608340
43609172
43633837
43636610
43639955
43659314
43847074
43847693
43875586
43917445
43958163
43966405
44019220
44031768
44071418
44079202
44098532
44125590
44189588
44213813
44291559
44302981
44340189
44363488
44371088
44376599
44416133
44427047
44467971
44486687
44537640
44547900
44563340
44584379
44603829
44613215
44615856
44626408
44631152
44645171
44668128
44669712
44693534
44734115
44764861
44784982
44790672
44858142
44880478
44882211
44889473
44898955
44940874
44946124
45015371
45037068
45062405
45077145
45112094
45113215
45115228
45144568
45166369
45169827
45174899
45179306
45189740
45217817
45272797
45273415
45274597
45289019
45327723
45342841
45355944
45375454
45376910
45381931
45407043
45413662
45417100
45439992
45466651
45468676
45495189
45504405
45536172
45539595
45595897
45596193
45608868
45610056
45632095
45636750
45640803
45667975
45669763
45673803
45682052
45690140
45701177
45716253
45739126
45761431
45802344
45834255
45838183
45842702
45868663
45887730
45888220
45892872
45912183
45915159
45938816
45941377
45960795
46026408
46043318
46044224
46044811
46067990
46070534
46082618
46110055
46128622
46137098
46153635
46319906
46323117
46371035
46405867
46414109
46445520
46474076
46478101
46494160
46528212
46590068
46633819
46637569
46641446
46676529
46684627
46693021
46694946
46698995
46710339
46716395
46748134
46753668
46770601
46800473
46835212
46852167
46882507
46939527
46973402
46993269
47033350
47073077
47076452
47122102
47194909
47211508
47286380
47293003
47334284
47367869
47377216
47384785
47411874
47415202
47421471
47429848
47433815
47437904
47438627
47509901
47515506
47535602
47574683
47584062
47613870
47642958
47651387
47678793
47706455
47732935
47767374
47768547
47775989
47776207
47785992
47792721
47804902
47850830
47854438
47880785
47930243
48002958
48003264
48023978
48028513
48031579
48031635
48037221
48039583
48040009
48057686
48112692
48115075
48151242
48180658
48227703
48240960
48284355
48298605
48395739
48405118
48406303
48408207
48416352
48426052
48455382
48479017
48524690
48531849
48575229
48600293
48612483
48617352
48618555
48625298
48653010
48668538
48706556
48746534
48751661
48765520
48772514
48835802
48851616
48862092
48862591
48875289
48902222
48935562
48951808
48973972
48976710
48979853
48994502
48998569
49003039
49010521
49011731
49029104
49032782
49062561
49095597
49119878
49127902
49132330
49152986
49202851
49210235
49258132
49264488
49278027
49305068
49325948
49351765
49358171
49367821
49396340
49422294
49423780
49532727
49572335
49620581
49641443
49682965
49684640
49694296
49712897
49729084
49734962
49828188
49833871
49838482
49845494
49913042
49946855
49966511
49972669
49974653
49982617
50059895
50064235
50106442
50142967
50157082
50185958
50225183
50236300
50252784
50256128
50336229
50350501
50400618
50408194
50417507
50427762
50429833
50431595
50432045
50505338
50507128
50522602
50524458
50536897
50591509
50609909
50643526
50658845
50683338
50750178
50828143
50831120
50882901
50905447
50929922
50946141
50961599
50984606
50990271
51014134
51022466
51027677
51066824
51080875
51089028
51106552
51118689
51121628
51137729
51143266
51213342
51228730
51259807
51282672
51295964
51344875
51345732
51347483
51374538
51394955
51403146
51419558
51440429
51507255
51528485
51543250
51545987
51548169
51551057
51603387
51604156
51616634
51652574
51678260
51690543
51702338
51717755
51740218
51747595
51749492
51816397
51828433
51831363
51838546
51840833
51885980
51920433
51937051
51959406
51988080
51991981
51992815
52000578
52007253
52017009
52041486
52049533
52080814
52093978
52104809
52112403
52121764
52125507
52136696
52161290
52231412
52236882
52255818
52256429
52272239
52328879
52387282
52387613
52406754
52415415
52478117
52491411
52542681
52543492
52550821
52557185
52566432
52567488
52601807
52634968
52695301
52697302
52703403
52710780
52724536
52767075
52769057
52773186
52782217
52785212
52788731
52819978
52826864
52881510
52884898
52885203
52885393
52945655
52949480
53011604
53050906
53068313
53090074
53102126
53117781
53136230
53138257
53156120
53185681
53194432
53198229
53201360
53273138
53301377
53332591
53375864
53376872
53445360
53462312
53494231
53526477
53559778
53630361
53644520
53684545
53690160
53698011
53706402
53747775
53757091
53770814
53804466
53869914
53895990
53902355
53916586
53928104
53936443
53942652
53955413
53966820
53973101
53973547
53995811
54034912
54037483
54046943
54057923
54076347
54125947
54132750
54163214
54182264
54193081
54198979
54199423
54203505
54210264
54216620
54227399
54260858
54293884
54296158
54325199
54356678
54411780
54479759
54491604
54494875
54498584
54515060
54522705
54527848
54561411
54578506
54592319
54621587
54628344
54640025
54695698
54698331
54704775
54725137
54725602
54744052
54748935
54769403
54772116
54847233
54854580
54875994
54887746
54904157
55020385
55051164
55085209
55119491
55126635
55146763
55180148
55187675
55200750
55257719
55268118
55268838
55271531
55283370
55287230
55303347
55315661
55325329
55331929
55331973
55337096
55340100
55349657
55360198
55374871
55381501
55423824
55446939
55504545
55520986
55524070
55537899
55539706
55562002
55575860
55675152
55680573
55690926
55696772
55698659
55709359
55721544
55773712
55774236
55813431
55829458
55835058
55846281
55892919
55912514
55926834
55934550
55937444
55948731
56012097
56129293
56142064
56179673
56179803
56192613
56241832
56274006
56286886
56295304
56307122
56358758
56392449
56453821
56458071
56478894
56552967
56563626
56582006
56596403
56603779
56627142
56651380
56663573
56692123
56713943
56722409
56724132
56725110
56728168
56811204
56811470
56833488
56844146
56851295
56852365
56861414
56865443
56897075
56897383
56919697
56965390
56971115
56977967
57025076
57070510
57122215
57145459
57149564
57158472
57189512
57189814
57196228
57236747
57237875
57275016
57293878
57315462
57332549
57343361
57362278
57386991
57388442
57390797
57406290
57441722
57446432
57459996
57521551
57580498
57635419
57638145
57656857
57663916
57692375
57698497
57753427
57758643
57763437
57772086
57775947
57798382
57855973
57879780
57896183
57901941
57919521
57920588
57932711
57984292
57991305
57993243
57995582
58044601
58048552
58063323
58126108
58156666
58190413
58225580
58258537
58262185
58271115
58291445
58309190
58321405
58371207
58384686
58385041
58388203
58419210
58425404
58428886
58439388
58476571
58493559
58521957
58627235
58632929
58652653
58666703
58698876
58710114
58724379
58733856
58740264
58758878
58769829
58789211
58799415
58811206
58836331
58836418
58890003
58891826
58921789
58924171
58995566
59000247
59036370
59061023
59077575
59084906
59108628
59110266
59139277
59173685
59211828
59215374
59217492
59243446
59268049
59284664
59359645
59374382
59376717
59393589
59398291
59435653
59445156
59460413
59486025
59495652
59495698
59500803
59514049
59531072
59549388
59567302
59578740
59581555
59597851
59620481
59628602
59656901
59666207
59674624
59677048
59677268
59697654
59719419
59752739
59756795
59774282
59800312
59823583
59834898
59850465
59851464
59854485
59874283
59939031
59947441
60002699
60081569
60100994
60130472
60130539
60142955
60182175
60189752
60225408
60226926
60234837
60235918
60312797
60323268
60344540
60351565
60380681
60393785
60395701
60429022
60454030
60464877
60494902
60495393
60499673
60501936
60510717
60546426
60559364
60559566
60560366
60611363
60625684
60696687
60766782
60768236
60812003
60824843
60829066
60829400
60838303
60839095
60851497
60852708
60868731
60870649
60901707
60902482
60940161
60943405
60945651
60974485
60999892
61003025
61016155
61020149
61032558
61041523
61051304
61074388
61079981
61082997
61091040
61125871
61142802
61158142
61172198
61172324
61221505
61237249
61256272
61264949
61268155
61275582
61289186
61291031
61324125
61347739
61354599
61376744
61389615
61413596
61447735
61453116
61474514
61475831
61495035
61513083
61564007
61581603
61589623
61596074
61609711
61620603
61634606
61645834
61652782
61664196
61703680
61725998
61727991
61774605
61803645
61889738
61900844
61932401
61945342
61949837
61994985
62033110
62047140
62051323
62063076
62070996
62071799
62083648
62108263
62109488
62131345
62159876
62168591
62210520
62269236
62273842
62297628
62297854
62298720
62304009
62326443
62330780
62354786
62407574
62434018
62464384
62492774
62503018
62527998
62537377
62548270
62566200
62569459
62601418
62631982
62641231
62649928
62664182
62667343
62688803
62693921
62699307
62716237
62720135
62723127
62724904
62746197
62748448
62757262
62805785
62864390
62873496
62900158
62938847
62971297
63005348
63077267
63080048
63093251
63104272
63147261
63151444
63178248
63181141
63203226
63220317
63224695
63230357
63235972
63256682
63261572
63272144
63280235
63291159
63296180
63298407
63319036
63324169
63336599
63350815
63357858
63360511
63386076
63392075
63393966
63396467
63417485
63441937
63458422
63462591
63469355
63471859
63502164
63551395
63557193
63557628
63599336
63617591
63668963
63677424
63678369
63715454
63727036
63782590
63800191
63802234
63820555
63835866
63838129
63846811
63860361
63860818
63866354
63883095
63963266
63964873
63980695
64033752
64149423
64284807
64286708
64288578
64301124
64303788
64311032
64317691
64353621
64353984
64364975
64416270
64426934
64439944
64472986
64485671
64486730
64491335
64493424
64501762
64523832
64547700
64578611
64604687
64623872
64641043
64656870
64670420
64703141
64709306
64711571
64720952
64721805
64729470
64741629
64760408
64767277
64830570
64842121
64867238
64887718
64896022
64928142
64931064
64932470
65005964
65042918
65120572
65122546
65135460
65147023
65188989
65201101
65232080
65238839
65244710
65316993
65320270
65330529
65378768
65390441
65417830
65431972
65465665
65496016
65543887
65626538
65668484
65675683
65702417
65708946
65778339
65781829
65802131
65803626
65872431
65892981
65901714
65923008
65937857
65942355
65973566
65979097
65979603
65979778
66013085
66020049
66061997
66091826
66112821
66121950
66122810
66154607
66157367
66162867
66163821
66172963
66175265
66193038
66207368
66210118
66225196
66227450
66228571
66265202
66281364
66326747
66329924
66341360
66342613
66360949
66371516
66380493
66404155
66427254
66456291
66463200
66477948
66499785
66502855
66512047
66521754
66551369
66551858
66560887
66614215
66624384
66654193
66668202
66704855
66731314
66739456
66751504
66764468
66807582
66811556
66831789
66869662
66876854
66904867
66936533
66940216
66955025
66970251
66982160
66988870
67005065
67017315
67041308
67043226
67066535
67077049
67122299
67128584
67136003
67176953
67186495
67188487
67193781
67195584
67202183
67218049
67264574
67303414
67318232
67322676
67349057
67359106
67366745
67383137
67438276
67502251
67527610
67593717
67614613
67619307
67635424
67663592
67673968
67719049
67730684
67744058
67747269
67796794
67807974
67836365
67896935
67903735
67919723
67945640
67971789
67977957
67989758
68004127
68033695
68043565
68051141
68062344
68066122
68096460
68103064
68119351
68133800
68139422
68186798
68187578
68263032
68272824
68281440
68319179
68349878
68355910
68384266
68385466
68412831
68417804
68439647
68475193
68522781
68537690
68551522
68588742
68599170
68599474
68611931
68615244
68662309
68692384
68707139
68719217
68779497
68913850
68926155
68951976
69019282
69040857
69075551
69080278
69090800
69113881
69121456
69124421
69124856
69147182
69155503
69178989
69182763
69203616
69208384
69218696
69229732
69263849
69325686
69353635
69367289
69383339
69408753
69464857
69486318
69510511
69548765
69622813
69634110
69661450
69683795
69690448
69696614
69702098
69732946
69742926
69749585
69810730
69819930
69854343
69857826
69893038
69912060
69930075
69930672
69960105
69977494
70000594
70004831
70048595
70054098
70097857
70098155
70143891
70153421
70214327
70215201
70236490
70242149
70248651
70273481
70284809
70305211
70315936
70318084
70330417
70364413
70369229
70369496
70369871
70395461
70403250
70418575
70426757
70485440
70490483
70496903
70497218
70509472
70519719
70526189
70561627
70570716
70597244
70614094
70631452
70653822
70657458
70660805
70660874
70681868
70688508
70690348
70696513
70702742
70750193
70762343
70789749
70829633
70833032
70864738
70873582
70891508
70891665
70897388
70922600
70927090
70930023
70940559
70944480
71110232
71123873
71127873
71128200
71137455
71173944
71175638
71180107
71186224
71202483
71220922
71226895
71228577
71228866
71272623
71276288
71281183
71294311
71300616
71307496
71313599
71327166
71436311
71442454
71473533
71539951
71585904
71601809
71605558
71623132
71629749
71631089
71652631
71673605
71696280
71725582
71727827
71734242
71760052
71765833
71783934
71788171
71793467
71799515
71841659
71846727
71850015
71912682
71936843
71966390
71969300
71997074
72041410
72061997
72079379
72095505
72112656
72124117
72124869
72175607
72191133
72221864
72226043
72300498
72306951
72309886
72338280
72357265
72359954
72368404
72405631
72428301
72467047
72484207
72497280
72527937
72530931
72546755
72562973
72602892
72627648
72637608
72638268
72698269
72714921
72717652
72719188
72724206
72737583
72744332
72780193
72784930
72786002
72797252
72801680
72818696
72830666
72857402
72870999
72884865
72896756
72913801
72949363
72957403
72961394
72986382
72997578
73003057
73010721
73015187
73039139
73059072
73082241
73084255
73112608
73122899
73149272
73153237
73179273
73215669
73255114
73320395
73337336
73383265
73405902
73419183
73456416
73471341
73474651
73535037
73547725
73585791
73612922
73651415
73689116
73730381
73767447
73767723
73802430
73811588
73822608
73938442
73955960
73959638
73967256
73992670
73999377
74004626
74017303
74099037
74106068
74110799
74194161
74204761
74247303
74282534
74306055
74308484
74321992
74337760
74368989
74370271
74427308
74428048
74446476
74447534
74509145
74543161
74553411
74556771
74583540
74587829
74589936
74596316
74651592
74670469
74673396
74722552
74725633
74735260
74753258
74768116
74778509
74792627
74816652
74825925
74831449
74879935
74881864
74901019
74902779
74920181
74926410
74935107
74966446
74972613
74976965
75099166
75100555
75143400
75166080
75193479
75217931
75262773
75329986
75340923
75384590
75417970
75498440
75554993
75595678
75623760
75645542
75647348
75698572
75703547
75714264
75729961
75730364
75757431
75767570
75774586
75813928
75852325
75862621
75899621
75965867
76019504
76020830
76028671
76036190
76041838
76075138
76075934
76077929
76091529
76156101
76162482
76172675
76189523
76232474
76238918
76257757
76277566
76279007
76285645
76292103
76320852
76326701
76326910
76337638
76355135
76404105
76407252
76461688
76474039
76479524
76488700
76496170
76506577
76544569
76576652
76582220
76607239
76612095
76614309
76615694
76642103
76663963
76665926
76669248
76674177
76674888
76701167
76712274
76755828
76780065
76809786
76829810
76833017
76879694
76919726
76943332
76952279
76973406
76988848
77019571
77022961
77088439
77109405
77210909
77268696
77295485
77304059
77315652
77452813
77467292
77477451
77502520
77521055
77548630
77555004
77562616
77563594
77596618
77617343
77644068
77691130
77695686
77716867
77727595
77741929
77750327
77774831
77802637
77808658
77811380
77933945
77952170
77968220
77972467
77991473
78010377
78018311
78035622
78059571
78075539
78121760
78133840
78135474
78144472
78144831
78145336
78148983
78202492
78216513
78230040
78261524
78278369
78301471
78331097
78337234
78346213
78362816
78369886
78374228
78444925
78530977
78546350
78568070
78576749
78617932
78626532
78632707
78684245
78736562
78761209
78780134
78794590
78797133
78850817
78878103
78901176
78944907
78949680
78969058
78972728
78978849
78983917
79082108
79095234
79103566
79104255
79153991
79164161
79187737
79208985
79265016
79281024
79287941
79312315
79315646
79319410
79341721
79349232
79370154
79373437
79396296
79445438
79495998
79507615
79513935
79527147
79550291
79614807
79621031
79625130
79631330
79680842
79684491
79720481
79733469
79742282
79766473
79776098
79790622
79808879
79863056
79912607
79914718
79919941
79966651
79989442
80001016
80009012
80009065
80050567
80098285
80126374
80151123
80151396
80163177
80195247
80250415
80267425
80269491
80273847
80277799
80284156
80342585
80369693
80373586
80384855
80444986
80461593
80501483
80509987
80535510
80541034
80567288
80592996
80620897
80630325
80653471
80680799
80692136
80732771
80766002
80781459
80786624
80802258
80806271
80821841
80823792
80833277
80833521
80883686
80927473
80935821
80946984
80992214
81017176
81033246
81039265
81112808
81112917
81116293
81137396
81167816
81172487
81177422
81205546
81272151
81276513
81294273
81317467
81354799
81387772
81387893
81407193
81423748
81435934
81439670
81477857
81504699
81548778
81552777
81560696
81592714
81608238
81635558
81643645
81658253
81685438
81687432
81711136
81713519
81741543
81755344
81765054
81779632
81800536
81809408
81823440
81863259
81893619
81944779
81969477
82039330
82043020
82068684
82073072
82100099
82104064
82106156
82117038
82172275
82189623
82201184
82207406
82233073
82244235
82272459
82295851
82323863
82337784
82344845
82359014
82377971
82397373
82426657
82491952
82516001
82539019
82543580
82560241
82619121
82622454
82630825
82652168
82653486
82663214
82727661
82734084
82739980
82752817
82769605
82877017
82877020
82897499
82917648
82935836
83006910
83024833
83038736
83130245
83145424
83166426
83167390
83169917
83174850
83176189
83205302
83207864
83213045
83259168
83267099
83268469
83299247
83305959
83352845
83377324
83391298
83391952
83406351
83461552
83472138
83476804
83489430
83503128
83555107
83557674
83577143
83621320
83635602
83644676
83694797
83700039
83707710
83717479
83738587
83743806
83817490
83868800
83871051
83887465
83951967
83980563
84009187
84014046
84125798
84125853
84148213
84151933
84170207
84191823
84193381
84249159
84286245
84299061
84304447
84306100
84377798
84379999
84382156
84385167
84418812
84424976
84452474
84466852
84480386
84540239
84549071
84583478
84608328
84618852
84619385
84643159
84654393
84656449
84693457
84696168
84737887
84756509
84774057
84777592
84803934
84815014
84850313
84857615
84858524
84869039
84888703
84895724
84900335
84909878
84923527
84956602
85002326
85006674
85040276
85059036
85101294
85137887
85147314
85150046
85150523
85153560
85156344
85206710
85209234
85210810
85231449
85231498
85234178
85237148
85299705
85308648
85331667
85349342
85352197
85437673
85487833
85524698
85525937
85527547
85532318
85548738
85558022
85611811
85621698
85626980
85651302
85662845
85696054
85708058
85767017
85777400
85850897
85869520
85876121
85936015
85946066
85980606
85984265
86069396
86082586
86099568
86146615
86169107
86222763
86233624
86236100
86237188
86244655
86279700
86309808
86318444
86322441
86355748
86357705
86359272
86378610
86381112
86386841
86388224
86389076
86403685
86405400
86438880
86447054
86473201
86507975
86511379
86531277
86557337
86585406
86625564
86664329
86672787
86685800
86692612
86693721
86694256
86698060
86711264
86770079
86786592
86797008
86802700
86823983
86843022
86860247
86874475
86878025
86960907
86969270
86979614
86981386
87027524
87028682
87028838
87062706
87063637
87072472
87083225
87104447
87107438
87117246
87135980
87148544
87169494
87197134
87228207
87257882
87290998
87307753
87318066
87337374
87353661
87388978
87436950
87464614
87474575
87490487
87494464
87514398
87535709
87538208
87544603
87551295
87559575
87561335
87563203
87565504
87578466
87594873
87654034
87682835
87695203
87713614
87729392
87774678
87797485
87800988
87811929
87836827
87865757
87875537
87901508
87970030
87972676
87987031
88008998
88093099
88167114
88218274
88245999
88288303
88290773
88336071
88337289
88360697
88379114
88396293
88401317
88411790
88419045
88443411
88464421
88469273
88477265
88511516
88543206
88562993
88575583
88576487
88577257
88579738
88581876
88582132
88609058
88644840
88671670
88676153
88686909
88687357
88708121
88713580
88734126
88741070
88763498
88774358
88777187
88787344
88789292
88802905
88843444
88890790
88929172
88937740
88997589
89000321
89000646
89007168
89017933
89028128
89028698
89037050
89039921
89047421
89066974
89092715
89125449
89153822
89205746
89218367
89243780
89273062
89290130
89331275
89334319
89354278
89393403
89398619
89403420
89426998
89434249
89440722
89447438
89460311
89484482
89492946
89512967
89527431
89545060
89550211
89558525
89586828
89633998
89644369
89644603
89668611
89672602
89673130
89676941
89726503
89737106
89765346
89775540
89775767
89784146
89805316
89811015
89815632
89823922
89846491
89857090
89860232
89912575
89915447
89943117
89969355
89979298
89983083
89994480
90012550
90015047
90027274
90041106
90160052
90169720
90173014
90196606
90277471
90285624
90296734
90306529
90319987
90322705
90334534
90338969
90356770
90380744
90398354
90407321
90426108
90430739
90435130
90437337
90458197
90461029
90571057
90583353
90585382
90586808
90593490
90604567
90613287
90670163
90676429
90707659
90758682
90803754
90807166
90837998
90841025
90841217
90903114
90909486
90911121
90972488
91023047
91028935
91052613
91074287
91100392
91152734
91163278
91192619
91249267
91249769
91254110
91260957
91319321
91364471
91404606
91406965
91415538
91421951
91433777
91443203
91454210
91480363
91489847
91491961
91551065
91557346
91604879
91633512
91648471
91654674
91670725
91671881
91694418
91695131
91729919
91745690
91762082
91765540
91777172
91787757
91838779
91902313
91932063
91933070
91937978
91938599
91940718
91981045
91985888
92064493
92105976
92165535
92184588
92226267
92235467
92246115
92262041
92306261
92319156
92326667
92360200
92362114
92473965
92498195
92565958
92569332
92572350
92667940
92674571
92685764
92687656
92688418
92695616
92698420
92741725
92778844
92795717
92796278
92804128
92826459
92830531
92838605
92867713
92896829
92899527
92907659
92910045
92954644
92997861
93006374
93084326
93111811
93126762
93165870
93185785
93226302
93315284
93358902
93387725
93469127
93613755
93622647
93653459
93675253
93689566
93730146
93784861
93850209
93863137
93872048
93873044
93878927
93895788
93938127
93938699
93940977
93945771
93987116
93995336
93997109
94000398
94040299
94040596
94095631
94115595
94116411
94145336
94204946
94216760
94232768
94243270
94293607
94305788
94322568
94348675
94467206
94471392
94474964
94482286
94482323
94512511
94538652
94571260
94572634
94622598
94631409
94636478
94655320
94672268
94675958
94700306
94747858
94800147
94800770
94808743
94822458
94830946
94876596
94887045
94888763
94931640
94935135
94998301
95019127
95022425
95022514
95031004
95039130
95049200
95052841
95078317
95098549
95121296
95141674
95176187
95200787
95226082
95244853
95284896
95289053
95309791
95330727
95333004
95334290
95382719
95392455
95395604
95421526
95467847
95479982
95511811
95525879
95526680
95547650
95558382
95569921
95593475
95614279
95625429
95632718
95662735
95682844
95749572
95761960
95769716
95799472
95843631
95846055
95870697
95883772
95895111
95933516
95933785
95938502
95955751
95963826
95991924
96011481
96014192
96056248
96058943
96071742
96079995
96106996
96109234
96132792
96148752
96162962
96169591
96169687
96183168
96228295
96299196
96337214
96356750
96363493
96375391
96422692
96458970
96461934
96516370
96521647
96537741
96547597
96552011
96562160
96580849
96591662
96621154
96628193
96649286
96649487
96671992
96691243
96753029
96753059
96758281
96765988
96769282
96781274
96842392
96849561
96909869
96918216
96920797
96933832
96935431
97005469
97008537
97030546
97040211
97041291
97059166
97077120
97083898
97086406
97112659
97114318
97114746
97161657
97216378
97221944
97242573
97270494
97284101
97293109
97336762
97373674
97390351
97391297
97406664
97453233
97456291
97484446
97582994
97604895
97607323
97614220
97639106
97658442
97671866
97696147
97737873
97746384
97752986
97756195
97774942
97796205
97797740
97807030
97820363
97829661
97844622
97852748
97858292
97873772
97885161
97894326
97915140
97945997
97964191
97968903
97992919
98004397
98005822
98017917
98071814
98073504
98096473
98100352
98165619
98168943
98190052
98201843
98217380
98224717
98253530
98265660
98283978
98299255
98369379
98402641
98402851
98406550
98409707
98416630
98450115
98461142
98474293
98479920
98497826
98502777
98526716
98547864
98563005
98601972
98637529
98637744
98645149
98697286
98702222
98724587
98730419
98734794
98754161
98762026
98789573
98795469
98795953
98805345
98815139
98819331
98843178
98887626
98890030
98895003
98910848
98934400
98934441
98940059
98959680
98963817
98974711
98974770
98977812
98992505
98995143
99004940
99006397
99006861
99015887
99031531
99036026
99036423
99037969
99076903
99097154
99109455
99115926
99131173
99139213
99175972
99178250
99200777
99204067
99209483
99244232
99272579
99293371
99297773
99312782
99319074
99341263
99355327
99358807
99377442
99402587
99443583
99453250
99459279
99468661
99471931
99491850
99544843
99562416
99597441
99631877
99637843
99658749
99685380
99694775
99695739
99705962
99713621
99729729
99730177
99730670
99771514
99811823
99816240
99826073
99855049
99866948
99870272
99875483
99912115
99917328
99965504
